,Label
0,0
1,0
2,0
3,0
4,0
5,0
6,0
7,0
8,0
9,0
10,0
11,0
12,0
13,0
14,0
15,0
16,0
17,0
18,0
19,0
20,0
21,0
22,0
23,0
24,0
25,0
26,0
27,0
28,0
29,0
30,0
31,0
32,0
33,0
34,0
35,0
36,0
37,0
38,0
39,0
40,0
41,0
42,0
43,0
44,0
45,0
46,0
47,0
48,0
49,0
50,0
51,0
52,0
53,0
54,0
55,0
56,0
57,0
58,0
59,0
60,0
61,0
62,0
63,0
64,0
65,0
66,0
67,0
68,0
69,0
70,0
71,0
72,0
73,0
74,0
75,0
76,0
77,0
78,0
79,0
80,0
81,0
82,0
83,0
84,0
85,0
86,0
87,0
88,0
89,0
90,0
91,0
92,0
93,0
94,0
95,0
96,0
97,0
98,0
99,0
100,0
101,0
102,0
103,0
104,0
105,0
106,0
107,0
108,0
109,0
110,0
111,0
112,0
113,0
114,0
115,0
116,0
117,0
118,0
119,0
120,0
121,0
122,0
123,0
124,0
125,0
126,0
127,0
128,0
129,0
130,0
131,0
132,0
133,0
134,0
135,0
136,0
137,0
138,0
139,0
140,0
141,0
142,0
143,0
144,0
145,0
146,0
147,0
148,0
149,0
150,0
151,0
152,0
153,0
154,0
155,0
156,0
157,0
158,0
159,0
160,0
161,0
162,0
163,0
164,0
165,0
166,0
167,0
168,0
169,0
170,0
171,0
172,0
173,0
174,0
175,0
176,0
177,0
178,0
179,0
180,0
181,0
182,0
183,0
184,0
185,0
186,0
187,0
188,0
189,0
190,0
191,0
192,0
193,0
194,0
195,0
196,0
197,0
198,0
199,0
200,0
201,0
202,0
203,0
204,0
205,0
206,0
207,0
208,0
209,0
210,0
211,0
212,0
213,0
214,0
215,0
216,0
217,0
218,0
219,0
220,0
221,0
222,0
223,0
224,0
225,0
226,0
227,0
228,0
229,0
230,0
231,0
232,0
233,0
234,0
235,0
236,0
237,0
238,0
239,0
240,0
241,0
242,0
243,0
244,0
245,0
246,0
247,0
248,0
249,0
250,0
251,0
252,0
253,0
254,0
255,0
256,0
257,0
258,0
259,0
260,0
261,0
262,0
263,0
264,0
265,0
266,0
267,0
268,0
269,0
270,0
271,0
272,0
273,0
274,0
275,0
276,0
277,0
278,0
279,0
280,0
281,0
282,0
283,0
284,0
285,0
286,0
287,0
288,0
289,0
290,0
291,0
292,0
293,0
294,0
295,0
296,0
297,0
298,0
299,0
300,0
301,0
302,0
303,0
304,0
305,0
306,0
307,0
308,0
309,0
310,0
311,0
312,0
313,0
314,0
315,0
316,0
317,0
318,0
319,0
320,0
321,0
322,0
323,0
324,0
325,0
326,0
327,0
328,0
329,0
330,0
331,0
332,0
333,0
334,0
335,0
336,0
337,0
338,0
339,0
340,0
341,0
342,0
343,0
344,0
345,0
346,0
347,0
348,0
349,0
350,0
351,0
352,0
353,0
354,0
355,0
356,0
357,0
358,0
359,0
360,0
361,0
362,0
363,0
364,0
365,0
366,0
367,0
368,0
369,0
370,0
371,0
372,0
373,0
374,0
375,0
376,0
377,0
378,0
379,0
380,0
381,0
382,0
383,0
384,0
385,0
386,0
387,0
388,0
389,0
390,0
391,0
392,0
393,0
394,0
395,0
396,0
397,0
398,0
399,0
400,0
401,0
402,0
403,0
404,0
405,0
406,0
407,0
408,0
409,0
410,0
411,0
412,0
413,0
414,0
415,0
416,0
417,0
418,0
419,0
420,0
421,0
422,0
423,0
424,0
425,0
426,0
427,0
428,0
429,0
430,0
431,0
432,0
433,0
434,0
435,0
436,0
437,0
438,0
439,0
440,0
441,0
442,0
443,0
444,0
445,0
446,0
447,0
448,0
449,0
450,0
451,0
452,0
453,0
454,0
455,0
456,0
457,0
458,0
459,0
460,0
461,0
462,0
463,0
464,0
465,0
466,0
467,0
468,0
469,0
470,0
471,0
472,0
473,0
474,0
475,0
476,0
477,0
478,0
479,0
480,0
481,0
482,0
483,0
484,0
485,0
486,0
487,0
488,0
489,0
490,0
491,0
492,0
493,0
494,0
495,0
496,0
497,0
498,0
499,0
500,0
501,0
502,0
503,0
504,0
505,0
506,0
507,0
508,0
509,0
510,0
511,0
512,0
513,0
514,0
515,0
516,0
517,0
518,0
519,0
520,0
521,0
522,0
523,0
524,0
525,0
526,0
527,0
528,0
529,0
530,0
531,0
532,0
533,0
534,0
535,0
536,0
537,0
538,0
539,0
540,0
541,0
542,0
543,0
544,0
545,0
546,0
547,0
548,0
549,0
550,0
551,0
552,0
553,0
554,0
555,0
556,0
557,0
558,0
559,0
560,0
561,0
562,0
563,0
564,0
565,0
566,0
567,0
568,0
569,0
570,0
571,0
572,0
573,0
574,0
575,0
576,0
577,0
578,0
579,0
580,0
581,0
582,0
583,0
584,0
585,0
586,0
587,0
588,0
589,0
590,0
591,0
592,0
593,0
594,0
595,0
596,0
597,0
598,0
599,0
600,0
601,0
602,0
603,0
604,0
605,0
606,0
607,0
608,0
609,0
610,0
611,0
612,0
613,0
614,0
615,0
616,0
617,0
618,0
619,0
620,0
621,0
622,0
623,0
624,0
625,0
626,0
627,0
628,0
629,0
630,0
631,0
632,0
633,0
634,0
635,0
636,0
637,0
638,0
639,0
640,0
641,0
642,0
643,0
644,0
645,0
646,0
647,0
648,0
649,0
650,0
651,0
652,0
653,0
654,0
655,0
656,0
657,0
658,0
659,0
660,0
661,0
662,0
663,0
664,0
665,0
666,0
667,0
668,0
669,0
670,0
671,0
672,0
673,0
674,0
675,0
676,0
677,0
678,0
679,0
680,0
681,0
682,0
683,0
684,0
685,0
686,0
687,0
688,0
689,0
690,0
691,0
692,0
693,0
694,0
695,0
696,0
697,0
698,0
699,0
700,0
701,0
702,0
703,0
704,0
705,0
706,0
707,0
708,0
709,0
710,0
711,0
712,0
713,0
714,0
715,0
716,0
717,0
718,0
719,0
720,0
721,0
722,0
723,0
724,0
725,0
726,0
727,0
728,0
729,0
730,0
731,0
732,0
733,0
734,0
735,0
736,0
737,0
738,0
739,0
740,0
741,0
742,0
743,0
744,0
745,0
746,0
747,0
748,0
749,0
750,0
751,0
752,0
753,0
754,0
755,0
756,0
757,0
758,0
759,0
760,0
761,0
762,0
763,0
764,0
765,0
766,0
767,0
768,0
769,0
770,0
771,0
772,0
773,0
774,0
775,0
776,0
777,0
778,0
779,0
780,0
781,0
782,0
783,0
784,0
785,0
786,0
787,0
788,0
789,0
790,0
791,0
792,0
793,0
794,0
795,0
796,0
797,0
798,0
799,0
800,0
801,0
802,0
803,0
804,0
805,0
806,0
807,0
808,0
809,0
810,0
811,0
812,0
813,0
814,0
815,0
816,0
817,0
818,0
819,0
820,0
821,0
822,0
823,0
824,0
825,0
826,0
827,0
828,0
829,0
830,0
831,0
832,0
833,0
834,0
835,0
836,0
837,0
838,0
839,0
840,0
841,0
842,0
843,0
844,0
845,0
846,0
847,0
848,0
849,0
850,0
851,0
852,0
853,0
854,0
855,0
856,0
857,0
858,0
859,0
860,0
861,0
862,0
863,0
864,0
865,0
866,0
867,0
868,0
869,0
870,0
871,0
872,0
873,0
874,0
875,0
876,0
877,0
878,0
879,0
880,0
881,0
882,0
883,0
884,0
885,0
886,0
887,0
888,0
889,0
890,0
891,0
892,0
893,0
894,0
895,0
896,0
897,0
898,0
899,0
900,0
901,0
902,0
903,0
904,0
905,0
906,0
907,0
908,0
909,0
910,0
911,0
912,0
913,0
914,0
915,0
916,0
917,0
918,0
919,0
920,0
921,0
922,0
923,0
924,0
925,0
926,0
927,0
928,0
929,0
930,0
931,0
932,0
933,0
934,0
935,0
936,0
937,0
938,0
939,0
940,0
941,0
942,0
943,0
944,0
945,0
946,0
947,0
948,0
949,0
950,0
951,0
952,0
953,0
954,0
955,0
956,0
957,0
958,0
959,0
960,0
961,0
962,0
963,0
964,0
965,0
966,0
967,0
968,0
969,0
970,0
971,0
972,0
973,0
974,0
975,0
976,0
977,0
978,0
979,0
980,0
981,0
982,0
983,0
984,0
985,0
986,0
987,0
988,0
989,0
990,0
991,0
992,0
993,0
994,0
995,0
996,0
997,0
998,0
999,0
1000,0
1001,0
1002,0
1003,0
1004,0
1005,0
1006,0
1007,0
1008,0
1009,0
1010,0
1011,0
1012,0
1013,0
1014,0
1015,0
1016,0
1017,0
1018,0
1019,0
1020,0
1021,0
1022,0
1023,0
1024,0
1025,0
1026,0
1027,0
1028,0
1029,0
1030,0
1031,0
1032,0
1033,0
1034,0
1035,0
1036,0
1037,0
1038,0
1039,0
1040,0
1041,0
1042,0
1043,0
1044,0
1045,0
1046,0
1047,0
1048,0
1049,0
1050,0
1051,0
1052,0
1053,0
1054,0
1055,0
1056,0
1057,0
1058,0
1059,0
1060,0
1061,0
1062,0
1063,0
1064,0
1065,0
1066,0
1067,0
1068,0
1069,0
1070,0
1071,0
1072,0
1073,0
1074,0
1075,0
1076,0
1077,0
1078,0
1079,0
1080,0
1081,0
1082,0
1083,0
1084,0
1085,0
1086,0
1087,0
1088,0
1089,0
1090,0
1091,0
1092,0
1093,0
1094,0
1095,0
1096,0
1097,0
1098,0
1099,0
1100,0
1101,0
1102,0
1103,0
1104,0
1105,0
1106,0
1107,0
1108,0
1109,0
1110,0
1111,0
1112,0
1113,0
1114,0
1115,0
1116,0
1117,0
1118,0
1119,0
1120,0
1121,0
1122,0
1123,0
1124,0
1125,0
1126,0
1127,0
1128,0
1129,0
1130,0
1131,0
1132,0
1133,0
1134,0
1135,0
1136,0
1137,0
1138,0
1139,0
1140,0
1141,0
1142,0
1143,0
1144,0
1145,0
1146,0
1147,0
1148,0
1149,0
1150,0
1151,0
1152,0
1153,0
1154,0
1155,0
1156,0
1157,0
1158,0
1159,0
1160,0
1161,0
1162,0
1163,0
1164,0
1165,0
1166,0
1167,0
1168,0
1169,0
1170,0
1171,0
1172,0
1173,0
1174,0
1175,0
1176,0
1177,0
1178,0
1179,0
1180,0
1181,0
1182,0
1183,0
1184,0
1185,0
1186,0
1187,0
1188,0
1189,0
1190,0
1191,0
1192,0
1193,0
1194,0
1195,0
1196,0
1197,0
1198,0
1199,0
1200,0
1201,0
1202,0
1203,0
1204,0
1205,0
1206,0
1207,0
1208,0
1209,0
1210,0
1211,0
1212,0
1213,0
1214,0
1215,0
1216,0
1217,0
1218,0
1219,0
1220,0
1221,0
1222,0
1223,0
1224,0
1225,0
1226,0
1227,0
1228,0
1229,0
1230,0
1231,0
1232,0
1233,0
1234,0
1235,0
1236,0
1237,0
1238,0
1239,0
1240,0
1241,0
1242,0
1243,0
1244,0
1245,0
1246,0
1247,0
1248,0
1249,0
1250,0
1251,0
1252,0
1253,0
1254,0
1255,0
1256,0
1257,0
1258,0
1259,0
1260,0
1261,0
1262,0
1263,0
1264,0
1265,0
1266,0
1267,0
1268,0
1269,0
1270,0
1271,0
1272,0
1273,0
1274,0
1275,0
1276,0
1277,0
1278,0
1279,0
1280,0
1281,0
1282,0
1283,0
1284,0
1285,0
1286,0
1287,0
1288,0
1289,0
1290,0
1291,0
1292,0
1293,0
1294,0
1295,0
1296,0
1297,0
1298,0
1299,0
1300,0
1301,0
1302,0
1303,0
1304,0
1305,0
1306,0
1307,0
1308,0
1309,0
1310,0
1311,0
1312,0
1313,0
1314,0
1315,0
1316,0
1317,0
1318,0
1319,0
1320,0
1321,0
1322,0
1323,0
1324,0
1325,0
1326,0
1327,0
1328,0
1329,0
1330,0
1331,0
1332,0
1333,0
1334,0
1335,0
1336,0
1337,0
1338,0
1339,0
1340,0
1341,0
1342,0
1343,0
1344,0
1345,0
1346,0
1347,0
1348,0
1349,0
1350,0
1351,0
1352,0
1353,0
1354,0
1355,0
1356,0
1357,0
1358,0
1359,0
1360,0
1361,0
1362,0
1363,0
1364,0
1365,0
1366,0
1367,0
1368,0
1369,0
1370,0
1371,0
1372,0
1373,0
1374,0
1375,0
1376,0
1377,0
1378,0
1379,0
1380,0
1381,0
1382,0
1383,0
1384,0
1385,0
1386,0
1387,0
1388,0
1389,0
1390,0
1391,0
1392,0
1393,0
1394,0
1395,0
1396,0
1397,0
1398,0
1399,0
1400,0
1401,0
1402,0
1403,0
1404,0
1405,0
1406,0
1407,0
1408,0
1409,0
1410,0
1411,0
1412,0
1413,0
1414,0
1415,0
1416,0
1417,0
1418,0
1419,0
1420,0
1421,0
1422,0
1423,0
1424,0
1425,0
1426,0
1427,0
1428,0
1429,0
1430,0
1431,0
1432,0
1433,0
1434,0
1435,0
1436,0
1437,0
1438,0
1439,0
1440,0
1441,0
1442,0
1443,0
1444,0
1445,0
1446,0
1447,0
1448,0
1449,0
1450,0
1451,0
1452,0
1453,0
1454,0
1455,0
1456,0
1457,0
1458,0
1459,0
1460,0
1461,0
1462,0
1463,0
1464,0
1465,0
1466,0
1467,0
1468,0
1469,0
1470,0
1471,0
1472,0
1473,0
1474,0
1475,0
1476,0
1477,0
1478,0
1479,0
1480,0
1481,0
1482,0
1483,0
1484,0
1485,0
1486,0
1487,0
1488,0
1489,0
1490,0
1491,0
1492,0
1493,0
1494,0
1495,0
1496,0
1497,0
1498,0
1499,0
1500,0
1501,0
1502,0
1503,0
1504,0
1505,0
1506,0
1507,0
1508,0
1509,0
1510,0
1511,0
1512,0
1513,0
1514,0
1515,0
1516,0
1517,0
1518,0
1519,0
1520,0
1521,0
1522,0
1523,0
1524,0
1525,0
1526,0
1527,0
1528,0
1529,0
1530,0
1531,0
1532,0
1533,0
1534,0
1535,0
1536,0
1537,0
1538,0
1539,0
1540,0
1541,0
1542,0
1543,0
1544,0
1545,0
1546,0
1547,0
1548,0
1549,0
1550,0
1551,0
1552,0
1553,0
1554,0
1555,0
1556,0
1557,0
1558,0
1559,0
1560,0
1561,0
1562,0
1563,0
1564,0
1565,0
1566,0
1567,0
1568,0
1569,0
1570,0
1571,0
1572,0
1573,0
1574,0
1575,0
1576,0
1577,0
1578,0
1579,0
1580,0
1581,0
1582,0
1583,0
1584,0
1585,0
1586,0
1587,0
1588,0
1589,0
1590,0
1591,0
1592,0
1593,0
1594,0
1595,0
1596,0
1597,0
1598,0
1599,0
1600,0
1601,0
1602,0
1603,0
1604,0
1605,0
1606,0
1607,0
1608,0
1609,0
1610,0
1611,0
1612,0
1613,0
1614,0
1615,0
1616,0
1617,0
1618,0
1619,0
1620,0
1621,0
1622,0
1623,0
1624,0
1625,0
1626,0
1627,0
1628,0
1629,0
1630,0
1631,0
1632,0
1633,0
1634,0
1635,0
1636,0
1637,0
1638,0
1639,0
1640,0
1641,0
1642,0
1643,0
1644,0
1645,0
1646,0
1647,0
1648,0
1649,0
1650,0
1651,0
1652,0
1653,0
1654,0
1655,0
1656,0
1657,0
1658,0
1659,0
1660,0
1661,0
1662,0
1663,0
1664,0
1665,0
1666,0
1667,0
1668,0
1669,0
1670,0
1671,0
1672,0
1673,0
1674,0
1675,0
1676,0
1677,0
1678,0
1679,0
1680,0
1681,0
1682,0
1683,0
1684,0
1685,0
1686,0
1687,0
1688,0
1689,0
1690,0
1691,0
1692,0
1693,0
1694,0
1695,0
1696,0
1697,0
1698,0
1699,0
1700,0
1701,0
1702,0
1703,0
1704,0
1705,0
1706,0
1707,0
1708,0
1709,0
1710,0
1711,0
1712,0
1713,0
1714,0
1715,0
1716,0
1717,0
1718,0
1719,0
1720,0
1721,0
1722,0
1723,0
1724,0
1725,0
1726,0
1727,0
1728,0
1729,0
1730,0
1731,0
1732,0
1733,0
1734,0
1735,0
1736,0
1737,0
1738,0
1739,0
1740,0
1741,0
1742,0
1743,0
1744,0
1745,0
1746,0
1747,0
1748,0
1749,0
1750,0
1751,0
1752,0
1753,0
1754,0
1755,0
1756,0
1757,0
1758,0
1759,0
1760,0
1761,0
1762,0
1763,0
1764,0
1765,0
1766,0
1767,0
1768,0
1769,0
1770,0
1771,0
1772,0
1773,0
1774,0
1775,0
1776,0
1777,0
1778,0
1779,0
1780,0
1781,0
1782,0
1783,0
1784,0
1785,0
1786,0
1787,0
1788,0
1789,0
1790,0
1791,0
1792,0
1793,0
1794,0
1795,0
1796,0
1797,0
1798,0
1799,0
1800,0
1801,0
1802,0
1803,0
1804,0
1805,0
1806,0
1807,0
1808,0
1809,0
1810,0
1811,0
1812,0
1813,0
1814,0
1815,0
1816,0
1817,0
1818,0
1819,0
1820,0
1821,0
1822,0
1823,0
1824,0
1825,0
1826,0
1827,0
1828,0
1829,0
1830,0
1831,0
1832,0
1833,0
1834,0
1835,0
1836,0
1837,0
1838,0
1839,0
1840,0
1841,0
1842,0
1843,0
1844,0
1845,0
1846,0
1847,0
1848,0
1849,0
1850,0
1851,0
1852,0
1853,0
1854,0
1855,0
1856,0
1857,0
1858,0
1859,0
1860,0
1861,0
1862,0
1863,0
1864,0
1865,0
1866,0
1867,0
1868,0
1869,0
1870,0
1871,0
1872,0
1873,0
1874,0
1875,0
1876,0
1877,0
1878,0
1879,0
1880,0
1881,0
1882,0
1883,0
1884,0
1885,0
1886,0
1887,0
1888,0
1889,0
1890,0
1891,0
1892,0
1893,0
1894,0
1895,0
1896,0
1897,0
1898,0
1899,0
1900,0
1901,0
1902,0
1903,0
1904,0
1905,0
1906,0
1907,0
1908,0
1909,0
1910,0
1911,0
1912,0
1913,0
1914,0
1915,0
1916,0
1917,0
1918,0
1919,0
1920,0
1921,0
1922,0
1923,0
1924,0
1925,0
1926,0
1927,0
1928,0
1929,0
1930,0
1931,0
1932,0
1933,0
1934,0
1935,0
1936,0
1937,0
1938,0
1939,0
1940,0
1941,0
1942,0
1943,0
1944,0
1945,0
1946,0
1947,0
1948,0
1949,0
1950,0
1951,0
1952,0
1953,0
1954,0
1955,0
1956,0
1957,0
1958,0
1959,0
1960,0
1961,0
1962,0
1963,0
1964,0
1965,0
1966,0
1967,0
1968,0
1969,0
1970,0
1971,0
1972,0
1973,0
1974,0
1975,0
1976,0
1977,0
1978,0
1979,0
1980,0
1981,0
1982,0
1983,0
1984,0
1985,0
1986,0
1987,0
1988,0
1989,0
1990,0
1991,0
1992,0
1993,0
1994,0
1995,0
1996,0
1997,0
1998,0
1999,0
2000,0
2001,0
2002,0
2003,0
2004,0
2005,0
2006,0
2007,0
2008,0
2009,0
2010,0
2011,0
2012,0
2013,0
2014,0
2015,0
2016,0
2017,0
2018,0
2019,0
2020,0
2021,0
2022,0
2023,0
2024,0
2025,0
2026,0
2027,0
2028,0
2029,0
2030,0
2031,0
2032,0
2033,0
2034,0
2035,0
2036,0
2037,0
2038,0
2039,0
2040,0
2041,0
2042,0
2043,0
2044,0
2045,0
2046,0
2047,0
2048,0
2049,0
2050,0
2051,0
2052,0
2053,0
2054,0
2055,0
2056,0
2057,0
2058,0
2059,0
2060,0
2061,0
2062,0
2063,0
2064,0
2065,0
2066,0
2067,0
2068,0
2069,0
2070,0
2071,0
2072,0
2073,0
2074,0
2075,0
2076,0
2077,0
2078,0
2079,0
2080,0
2081,0
2082,0
2083,0
2084,0
2085,0
2086,0
2087,0
2088,0
2089,0
2090,0
2091,0
2092,0
2093,0
2094,0
2095,0
2096,0
2097,0
2098,0
2099,0
2100,0
2101,0
2102,0
2103,0
2104,0
2105,0
2106,0
2107,0
2108,0
2109,0
2110,0
2111,0
2112,0
2113,0
2114,0
2115,0
2116,0
2117,0
2118,0
2119,0
2120,0
2121,0
2122,0
2123,0
2124,0
2125,0
2126,0
2127,0
2128,0
2129,0
2130,0
2131,0
2132,0
2133,0
2134,0
2135,0
2136,0
2137,0
2138,0
2139,0
2140,0
2141,0
2142,0
2143,0
2144,0
2145,0
2146,0
2147,0
2148,0
2149,0
2150,0
2151,0
2152,0
2153,0
2154,0
2155,0
2156,0
2157,0
2158,0
2159,0
2160,0
2161,0
2162,0
2163,0
2164,0
2165,0
2166,0
2167,0
2168,0
2169,0
2170,0
2171,0
2172,0
2173,0
2174,0
2175,0
2176,0
2177,0
2178,0
2179,0
2180,0
2181,0
2182,0
2183,0
2184,0
2185,0
2186,0
2187,0
2188,0
2189,0
2190,0
2191,0
2192,0
2193,0
2194,0
2195,0
2196,0
2197,0
2198,0
2199,0
2200,0
2201,0
2202,0
2203,0
2204,0
2205,0
2206,0
2207,0
2208,0
2209,0
2210,0
2211,0
2212,0
2213,0
2214,0
2215,0
2216,0
2217,0
2218,0
2219,0
2220,0
2221,0
2222,0
2223,0
2224,0
2225,0
2226,0
2227,0
2228,0
2229,0
2230,0
2231,0
2232,0
2233,0
2234,0
2235,0
2236,0
2237,0
2238,0
2239,0
2240,0
2241,0
2242,0
2243,0
2244,0
2245,0
2246,0
2247,0
2248,0
2249,0
2250,0
2251,0
2252,0
2253,0
2254,0
2255,0
2256,0
2257,0
2258,0
2259,0
2260,0
2261,0
2262,0
2263,0
2264,0
2265,0
2266,0
2267,0
2268,0
2269,0
2270,0
2271,0
2272,0
2273,0
2274,0
2275,0
2276,0
2277,0
2278,0
2279,0
2280,0
2281,0
2282,0
2283,0
2284,0
2285,0
2286,0
2287,0
2288,0
2289,0
2290,0
2291,0
2292,0
2293,0
2294,0
2295,0
2296,0
2297,0
2298,0
2299,0
2300,0
2301,0
2302,0
2303,0
2304,0
2305,0
2306,0
2307,0
2308,0
2309,0
2310,0
2311,0
2312,0
2313,0
2314,0
2315,0
2316,0
2317,0
2318,0
2319,0
2320,0
2321,0
2322,0
2323,0
2324,0
2325,0
2326,0
2327,0
2328,0
2329,0
2330,0
2331,0
2332,0
2333,0
2334,0
2335,0
2336,0
2337,0
2338,0
2339,0
2340,0
2341,0
2342,0
2343,0
2344,0
2345,0
2346,0
2347,0
2348,0
2349,0
2350,0
2351,0
2352,0
2353,0
2354,0
2355,0
2356,0
2357,0
2358,0
2359,0
2360,0
2361,0
2362,0
2363,0
2364,0
2365,0
2366,0
2367,0
2368,0
2369,0
2370,0
2371,0
2372,0
2373,0
2374,0
2375,0
2376,0
2377,0
2378,0
2379,0
2380,0
2381,0
2382,0
2383,0
2384,0
2385,0
2386,0
2387,0
2388,0
2389,0
2390,0
2391,0
2392,0
2393,0
2394,0
2395,0
2396,0
2397,0
2398,0
2399,0
2400,0
2401,0
2402,0
2403,0
2404,0
2405,0
2406,0
2407,0
2408,0
2409,0
2410,0
2411,0
2412,0
2413,0
2414,0
2415,0
2416,0
2417,0
2418,0
2419,0
2420,0
2421,0
2422,0
2423,0
2424,0
2425,0
2426,0
2427,0
2428,0
2429,0
2430,0
2431,0
2432,0
2433,0
2434,0
2435,0
2436,0
2437,0
2438,0
2439,0
2440,0
2441,0
2442,0
2443,0
2444,0
2445,0
2446,0
2447,0
2448,0
2449,0
2450,0
2451,0
2452,0
2453,0
2454,0
2455,0
2456,0
2457,0
2458,0
2459,0
2460,0
2461,0
2462,0
2463,0
2464,0
2465,0
2466,0
2467,0
2468,0
2469,0
2470,0
2471,0
2472,0
2473,0
2474,0
2475,0
2476,0
2477,0
2478,0
2479,0
2480,0
2481,0
2482,0
2483,0
2484,0
2485,0
2486,0
2487,0
2488,0
2489,0
2490,0
2491,0
2492,0
2493,0
2494,0
2495,0
2496,0
2497,0
2498,0
2499,0
2500,0
2501,0
2502,0
2503,0
2504,0
2505,0
2506,0
2507,0
2508,0
2509,0
2510,0
2511,0
2512,0
2513,0
2514,0
2515,0
2516,0
2517,0
2518,0
2519,0
2520,0
2521,0
2522,0
2523,0
2524,0
2525,0
2526,0
2527,0
2528,0
2529,0
2530,0
2531,0
2532,0
2533,0
2534,0
2535,0
2536,0
2537,0
2538,0
2539,0
2540,0
2541,0
2542,0
2543,0
2544,0
2545,0
2546,0
2547,0
2548,0
2549,0
2550,0
2551,0
2552,0
2553,0
2554,0
2555,0
2556,0
2557,0
2558,0
2559,0
2560,0
2561,0
2562,0
2563,0
2564,0
2565,0
2566,0
2567,0
2568,0
2569,0
2570,0
2571,0
2572,0
2573,0
2574,0
2575,0
2576,0
2577,0
2578,0
2579,0
2580,0
2581,0
2582,0
2583,0
2584,0
2585,0
2586,0
2587,0
2588,0
2589,0
2590,0
2591,0
2592,0
2593,0
2594,0
2595,0
2596,0
2597,0
2598,0
2599,0
2600,0
2601,0
2602,0
2603,0
2604,0
2605,0
2606,0
2607,0
2608,0
2609,0
2610,0
2611,0
2612,0
2613,0
2614,0
2615,0
2616,0
2617,0
2618,0
2619,0
2620,0
2621,0
2622,0
2623,0
2624,0
2625,0
2626,0
2627,0
2628,0
2629,0
2630,0
2631,0
2632,0
2633,0
2634,0
2635,0
2636,0
2637,0
2638,0
2639,0
2640,0
2641,0
2642,0
2643,0
2644,0
2645,0
2646,0
2647,0
2648,0
2649,0
2650,0
2651,0
2652,0
2653,0
2654,0
2655,0
2656,0
2657,0
2658,0
2659,0
2660,0
2661,0
2662,0
2663,0
2664,0
2665,0
2666,0
2667,0
2668,0
2669,0
2670,0
2671,0
2672,0
2673,0
2674,0
2675,0
2676,0
2677,0
2678,0
2679,0
2680,0
2681,0
2682,0
2683,0
2684,0
2685,0
2686,0
2687,0
2688,0
2689,0
2690,0
2691,0
2692,0
2693,0
2694,0
2695,0
2696,0
2697,0
2698,0
2699,0
2700,0
2701,0
2702,0
2703,0
2704,0
2705,0
2706,0
2707,0
2708,0
2709,0
2710,0
2711,0
2712,0
2713,0
2714,0
2715,0
2716,0
2717,0
2718,0
2719,0
2720,0
2721,0
2722,0
2723,0
2724,0
2725,0
2726,0
2727,0
2728,0
2729,0
2730,0
2731,0
2732,0
2733,0
2734,0
2735,0
2736,0
2737,0
2738,0
2739,0
2740,0
2741,0
2742,0
2743,0
2744,0
2745,0
2746,0
2747,0
2748,0
2749,0
2750,0
2751,0
2752,0
2753,0
2754,0
2755,0
2756,0
2757,0
2758,0
2759,0
2760,0
2761,0
2762,0
2763,0
2764,0
2765,0
2766,0
2767,0
2768,0
2769,0
2770,0
2771,0
2772,0
2773,0
2774,0
2775,0
2776,0
2777,0
2778,0
2779,0
2780,0
2781,0
2782,0
2783,0
2784,0
2785,0
2786,0
2787,0
2788,0
2789,0
2790,0
2791,0
2792,0
2793,0
2794,0
2795,0
2796,0
2797,0
2798,0
2799,0
2800,0
2801,0
2802,0
2803,0
2804,0
2805,0
2806,0
2807,0
2808,0
2809,0
2810,0
2811,0
2812,0
2813,0
2814,0
2815,0
2816,0
2817,0
2818,0
2819,0
2820,0
2821,0
2822,0
2823,0
2824,0
2825,0
2826,0
2827,0
2828,0
2829,0
2830,0
2831,0
2832,0
2833,0
2834,0
2835,0
2836,0
2837,0
2838,0
2839,0
2840,0
2841,0
2842,0
2843,0
2844,0
2845,0
2846,0
2847,0
2848,0
2849,0
2850,0
2851,0
2852,0
2853,0
2854,0
2855,0
2856,0
2857,0
2858,0
2859,0
2860,0
2861,0
2862,0
2863,0
2864,0
2865,0
2866,0
2867,0
2868,0
2869,0
2870,0
2871,0
2872,0
2873,0
2874,0
2875,0
2876,0
2877,0
2878,0
2879,0
2880,0
2881,0
2882,0
2883,0
2884,0
2885,0
2886,0
2887,0
2888,0
2889,0
2890,0
2891,0
2892,0
2893,0
2894,0
2895,0
2896,0
2897,0
2898,0
2899,0
2900,0
2901,0
2902,0
2903,0
2904,0
2905,0
2906,0
2907,0
2908,0
2909,0
2910,0
2911,0
2912,0
2913,0
2914,0
2915,0
2916,0
2917,0
2918,0
2919,0
2920,0
2921,0
2922,0
2923,0
2924,0
2925,0
2926,0
2927,0
2928,0
2929,0
2930,0
2931,0
2932,0
2933,0
2934,0
2935,0
2936,0
2937,0
2938,0
2939,0
2940,0
2941,0
2942,0
2943,0
2944,0
2945,0
2946,0
2947,0
2948,0
2949,0
2950,0
2951,0
2952,0
2953,0
2954,0
2955,0
2956,0
2957,0
2958,0
2959,0
2960,0
2961,0
2962,0
2963,0
2964,0
2965,0
2966,0
2967,0
2968,0
2969,0
2970,0
2971,0
2972,0
2973,0
2974,0
2975,0
2976,0
2977,0
2978,0
2979,0
2980,0
2981,0
2982,0
2983,0
2984,0
2985,0
2986,0
2987,0
2988,0
2989,0
2990,0
2991,0
2992,0
2993,0
2994,0
2995,0
2996,0
2997,0
2998,0
2999,0
3000,0
3001,0
3002,0
3003,0
3004,0
3005,0
3006,0
3007,0
3008,0
3009,0
3010,0
3011,0
3012,0
3013,0
3014,0
3015,0
3016,0
3017,0
3018,0
3019,0
3020,0
3021,0
3022,0
3023,0
3024,0
3025,0
3026,0
3027,0
3028,0
3029,0
3030,0
3031,0
3032,0
3033,0
3034,0
3035,0
3036,0
3037,0
3038,0
3039,0
3040,0
3041,0
3042,0
3043,0
3044,0
3045,0
3046,0
3047,0
3048,0
3049,0
3050,0
3051,0
3052,0
3053,0
3054,0
3055,0
3056,0
3057,0
3058,0
3059,0
3060,0
3061,0
3062,0
3063,0
3064,0
3065,0
3066,0
3067,0
3068,0
3069,0
3070,0
3071,0
3072,0
3073,0
3074,0
3075,0
3076,0
3077,0
3078,0
3079,0
3080,0
3081,0
3082,0
3083,0
3084,0
3085,0
3086,0
3087,0
3088,0
3089,0
3090,0
3091,0
3092,0
3093,0
3094,0
3095,0
3096,0
3097,0
3098,0
3099,0
3100,0
3101,0
3102,0
3103,0
3104,0
3105,0
3106,0
3107,0
3108,0
3109,0
3110,0
3111,0
3112,0
3113,0
3114,0
3115,0
3116,0
3117,0
3118,0
3119,0
3120,0
3121,0
3122,0
3123,0
3124,0
3125,0
3126,0
3127,0
3128,0
3129,0
3130,0
3131,0
3132,0
3133,0
3134,0
3135,0
3136,0
3137,0
3138,0
3139,0
3140,0
3141,0
3142,0
3143,0
3144,0
3145,0
3146,0
3147,0
3148,0
3149,0
3150,0
3151,0
3152,0
3153,0
3154,0
3155,0
3156,0
3157,0
3158,0
3159,0
3160,0
3161,0
3162,0
3163,0
3164,0
3165,0
3166,0
3167,0
3168,0
3169,0
3170,0
3171,0
3172,0
3173,0
3174,0
3175,0
3176,0
3177,0
3178,0
3179,0
3180,0
3181,0
3182,0
3183,0
3184,0
3185,0
3186,0
3187,0
3188,0
3189,0
3190,0
3191,0
3192,0
3193,0
3194,0
3195,0
3196,0
3197,0
3198,0
3199,0
3200,0
3201,0
3202,0
3203,0
3204,0
3205,0
3206,0
3207,0
3208,0
3209,0
3210,0
3211,0
3212,0
3213,0
3214,0
3215,0
3216,0
3217,0
3218,0
3219,0
3220,0
3221,0
3222,0
3223,0
3224,0
3225,0
3226,0
3227,0
3228,0
3229,0
3230,0
3231,0
3232,0
3233,0
3234,0
3235,0
3236,0
3237,0
3238,0
3239,0
3240,0
3241,0
3242,0
3243,0
3244,0
3245,0
3246,0
3247,0
3248,0
3249,0
3250,0
3251,0
3252,0
3253,0
3254,0
3255,0
3256,0
3257,0
3258,0
3259,0
3260,0
3261,0
3262,0
3263,0
3264,0
3265,0
3266,0
3267,0
3268,0
3269,0
3270,0
3271,0
3272,0
3273,0
3274,0
3275,0
3276,0
3277,0
3278,0
3279,0
3280,0
3281,0
3282,0
3283,0
3284,0
3285,0
3286,0
3287,0
3288,0
3289,0
3290,0
3291,0
3292,0
3293,0
3294,0
3295,0
3296,0
3297,0
3298,0
3299,0
3300,0
3301,0
3302,0
3303,0
3304,0
3305,0
3306,0
3307,0
3308,0
3309,0
3310,0
3311,0
3312,0
3313,0
3314,0
3315,0
3316,0
3317,0
3318,0
3319,0
3320,0
3321,0
3322,0
3323,0
3324,0
3325,0
3326,0
3327,0
3328,0
3329,0
3330,0
3331,0
3332,0
3333,0
3334,0
3335,0
3336,0
3337,0
3338,0
3339,0
3340,0
3341,0
3342,0
3343,0
3344,0
3345,0
3346,0
3347,0
3348,0
3349,0
3350,0
3351,0
3352,0
3353,0
3354,0
3355,0
3356,0
3357,0
3358,0
3359,0
3360,0
3361,0
3362,0
3363,0
3364,0
3365,0
3366,0
3367,0
3368,0
3369,0
3370,0
3371,0
3372,0
3373,0
3374,0
3375,0
3376,0
3377,0
3378,0
3379,0
3380,0
3381,0
3382,0
3383,0
3384,0
3385,0
3386,0
3387,0
3388,0
3389,0
3390,0
3391,0
3392,0
3393,0
3394,0
3395,0
3396,0
3397,0
3398,0
3399,0
3400,0
3401,0
3402,0
3403,0
3404,0
3405,0
3406,0
3407,0
3408,0
3409,0
3410,0
3411,0
3412,0
3413,0
3414,0
3415,0
3416,0
3417,0
3418,0
3419,0
3420,0
3421,0
3422,0
3423,0
3424,0
3425,0
3426,0
3427,0
3428,0
3429,0
3430,0
3431,0
3432,0
3433,0
3434,0
3435,0
3436,0
3437,0
3438,0
3439,0
3440,0
3441,0
3442,0
3443,0
3444,0
3445,0
3446,0
3447,0
3448,0
3449,0
3450,0
3451,0
3452,0
3453,0
3454,0
3455,0
3456,0
3457,0
3458,0
3459,0
3460,0
3461,0
3462,0
3463,0
3464,0
3465,0
3466,0
3467,0
3468,0
3469,0
3470,0
3471,0
3472,0
3473,0
3474,0
3475,0
3476,0
3477,0
3478,0
3479,0
3480,0
3481,0
3482,0
3483,0
3484,0
3485,0
3486,0
3487,0
3488,0
3489,0
3490,0
3491,0
3492,0
3493,0
3494,0
3495,0
3496,0
3497,0
3498,0
3499,0
3500,0
3501,0
3502,0
3503,0
3504,0
3505,0
3506,0
3507,0
3508,0
3509,0
3510,0
3511,0
3512,0
3513,0
3514,0
3515,0
3516,0
3517,0
3518,0
3519,0
3520,0
3521,0
3522,0
3523,0
3524,0
3525,0
3526,0
3527,0
3528,0
3529,0
3530,0
3531,0
3532,0
3533,0
3534,0
3535,0
3536,0
3537,0
3538,0
3539,0
3540,0
3541,0
3542,0
3543,0
3544,0
3545,0
3546,0
3547,0
3548,0
3549,0
3550,0
3551,0
3552,0
3553,0
3554,0
3555,0
3556,0
3557,0
3558,0
3559,0
3560,0
3561,0
3562,0
3563,0
3564,0
3565,0
3566,0
3567,0
3568,0
3569,0
3570,0
3571,0
3572,0
3573,0
3574,0
3575,0
3576,0
3577,0
3578,0
3579,0
3580,0
3581,0
3582,0
3583,0
3584,0
3585,0
3586,0
3587,0
3588,0
3589,0
3590,0
3591,0
3592,0
3593,0
3594,0
3595,0
3596,0
3597,0
3598,0
3599,0
3600,0
3601,0
3602,0
3603,0
3604,0
3605,0
3606,0
3607,0
3608,0
3609,0
3610,0
3611,0
3612,0
3613,0
3614,0
3615,0
3616,0
3617,0
3618,0
3619,0
3620,0
3621,0
3622,0
3623,0
3624,0
3625,0
3626,0
3627,0
3628,0
3629,0
3630,0
3631,0
3632,0
3633,0
3634,0
3635,0
3636,0
3637,0
3638,0
3639,0
3640,0
3641,0
3642,0
3643,0
3644,0
3645,0
3646,0
3647,0
3648,0
3649,0
3650,0
3651,0
3652,0
3653,0
3654,0
3655,0
3656,0
3657,0
3658,0
3659,0
3660,0
3661,0
3662,0
3663,0
3664,0
3665,0
3666,0
3667,0
3668,0
3669,0
3670,0
3671,0
3672,0
3673,0
3674,0
3675,0
3676,0
3677,0
3678,0
3679,0
3680,0
3681,0
3682,0
3683,0
3684,0
3685,0
3686,0
3687,0
3688,0
3689,0
3690,0
3691,0
3692,0
3693,0
3694,0
3695,0
3696,0
3697,0
3698,0
3699,0
3700,0
3701,0
3702,0
3703,0
3704,0
3705,0
3706,0
3707,0
3708,0
3709,0
3710,0
3711,0
3712,0
3713,0
3714,0
3715,0
3716,0
3717,0
3718,0
3719,0
3720,0
3721,0
3722,0
3723,0
3724,0
3725,0
3726,0
3727,0
3728,0
3729,0
3730,0
3731,0
3732,0
3733,0
3734,0
3735,0
3736,0
3737,0
3738,0
3739,0
3740,0
3741,0
3742,0
3743,0
3744,0
3745,0
3746,0
3747,0
3748,0
3749,0
3750,0
3751,0
3752,0
3753,0
3754,0
3755,0
3756,0
3757,0
3758,0
3759,0
3760,0
3761,0
3762,0
3763,0
3764,0
3765,0
3766,0
3767,0
3768,0
3769,0
3770,0
3771,0
3772,0
3773,0
3774,0
3775,0
3776,0
3777,0
3778,0
3779,0
3780,0
3781,0
3782,0
3783,0
3784,0
3785,0
3786,0
3787,0
3788,0
3789,0
3790,0
3791,0
3792,0
3793,0
3794,0
3795,0
3796,0
3797,0
3798,0
3799,0
3800,0
3801,0
3802,0
3803,0
3804,0
3805,0
3806,0
3807,0
3808,0
3809,0
3810,0
3811,0
3812,0
3813,0
3814,0
3815,0
3816,0
3817,0
3818,0
3819,0
3820,0
3821,0
3822,0
3823,0
3824,0
3825,0
3826,0
3827,0
3828,0
3829,0
3830,0
3831,0
3832,0
3833,0
3834,0
3835,0
3836,0
3837,0
3838,0
3839,0
3840,0
3841,0
3842,0
3843,0
3844,0
3845,0
3846,0
3847,0
3848,0
3849,0
3850,0
3851,0
3852,0
3853,0
3854,0
3855,0
3856,0
3857,0
3858,0
3859,0
3860,0
3861,0
3862,0
3863,0
3864,0
3865,0
3866,0
3867,0
3868,0
3869,0
3870,0
3871,0
3872,0
3873,0
3874,0
3875,0
3876,0
3877,0
3878,0
3879,0
3880,0
3881,0
3882,0
3883,0
3884,0
3885,0
3886,0
3887,0
3888,0
3889,0
3890,0
3891,0
3892,0
3893,0
3894,0
3895,0
3896,0
3897,0
3898,0
3899,0
3900,0
3901,0
3902,0
3903,0
3904,0
3905,0
3906,0
3907,0
3908,0
3909,0
3910,0
3911,0
3912,0
3913,0
3914,0
3915,0
3916,0
3917,0
3918,0
3919,0
3920,0
3921,0
3922,0
3923,0
3924,0
3925,0
3926,0
3927,0
3928,0
3929,0
3930,0
3931,0
3932,0
3933,0
3934,0
3935,0
3936,0
3937,0
3938,0
3939,0
3940,0
3941,0
3942,0
3943,0
3944,0
3945,0
3946,0
3947,0
3948,0
3949,0
3950,0
3951,0
3952,0
3953,0
3954,0
3955,0
3956,0
3957,0
3958,0
3959,0
3960,0
3961,0
3962,0
3963,0
3964,0
3965,0
3966,0
3967,0
3968,0
3969,0
3970,0
3971,0
3972,0
3973,0
3974,0
3975,0
3976,0
3977,0
3978,0
3979,0
3980,0
3981,0
3982,0
3983,0
3984,0
3985,0
3986,0
3987,0
3988,0
3989,0
3990,0
3991,0
3992,0
3993,0
3994,0
3995,0
3996,0
3997,0
3998,0
3999,0
4000,0
4001,0
4002,0
4003,0
4004,0
4005,0
4006,0
4007,0
4008,0
4009,0
4010,0
4011,0
4012,0
4013,0
4014,0
4015,0
4016,0
4017,0
4018,0
4019,0
4020,0
4021,0
4022,0
4023,0
4024,0
4025,0
4026,0
4027,0
4028,0
4029,0
4030,0
4031,0
4032,0
4033,0
4034,0
4035,0
4036,0
4037,0
4038,0
4039,0
4040,0
4041,0
4042,0
4043,0
4044,0
4045,0
4046,0
4047,0
4048,0
4049,0
4050,0
4051,0
4052,0
4053,0
4054,0
4055,0
4056,0
4057,0
4058,0
4059,0
4060,0
4061,0
4062,0
4063,0
4064,0
4065,0
4066,0
4067,0
4068,0
4069,0
4070,0
4071,0
4072,0
4073,0
4074,0
4075,0
4076,0
4077,0
4078,0
4079,0
4080,0
4081,0
4082,0
4083,0
4084,0
4085,0
4086,0
4087,0
4088,0
4089,0
4090,0
4091,0
4092,0
4093,0
4094,0
4095,0
4096,0
4097,0
4098,0
4099,0
4100,0
4101,0
4102,0
4103,0
4104,0
4105,0
4106,0
4107,0
4108,0
4109,0
4110,0
4111,0
4112,0
4113,0
4114,0
4115,0
4116,0
4117,0
4118,0
4119,0
4120,0
4121,0
4122,0
4123,0
4124,0
4125,0
4126,0
4127,0
4128,0
4129,0
4130,0
4131,0
4132,0
4133,0
4134,0
4135,0
4136,0
4137,0
4138,0
4139,0
4140,0
4141,0
4142,0
4143,0
4144,0
4145,0
4146,0
4147,0
4148,0
4149,0
4150,0
4151,0
4152,0
4153,0
4154,0
4155,0
4156,0
4157,0
4158,0
4159,0
4160,0
4161,0
4162,0
4163,0
4164,0
4165,0
4166,0
4167,0
4168,0
4169,0
4170,0
4171,0
4172,0
4173,0
4174,0
4175,0
4176,0
4177,0
4178,0
4179,0
4180,0
4181,0
4182,0
4183,0
4184,0
4185,0
4186,0
4187,0
4188,0
4189,0
4190,0
4191,0
4192,0
4193,0
4194,0
4195,0
4196,0
4197,0
4198,0
4199,0
4200,0
4201,0
4202,0
4203,0
4204,0
4205,0
4206,0
4207,0
4208,0
4209,0
4210,0
4211,0
4212,0
4213,0
4214,0
4215,0
4216,0
4217,0
4218,0
4219,0
4220,0
4221,0
4222,0
4223,0
4224,0
4225,0
4226,0
4227,0
4228,0
4229,0
4230,0
4231,0
4232,0
4233,0
4234,0
4235,0
4236,0
4237,0
4238,0
4239,0
4240,0
4241,0
4242,0
4243,0
4244,0
4245,0
4246,0
4247,0
4248,0
4249,0
4250,0
4251,0
4252,0
4253,0
4254,0
4255,0
4256,0
4257,0
4258,0
4259,0
4260,0
4261,0
4262,0
4263,0
4264,0
4265,0
4266,0
4267,0
4268,0
4269,0
4270,0
4271,0
4272,0
4273,0
4274,0
4275,0
4276,0
4277,0
4278,0
4279,0
4280,0
4281,0
4282,0
4283,0
4284,0
4285,0
4286,0
4287,0
4288,0
4289,0
4290,0
4291,0
4292,0
4293,0
4294,0
4295,0
4296,0
4297,0
4298,0
4299,0
4300,0
4301,0
4302,0
4303,0
4304,0
4305,0
4306,0
4307,0
4308,0
4309,0
4310,0
4311,0
4312,0
4313,0
4314,0
4315,0
4316,0
4317,0
4318,0
4319,0
4320,0
4321,0
4322,0
4323,0
4324,0
4325,0
4326,0
4327,0
4328,0
4329,0
4330,0
4331,0
4332,0
4333,0
4334,0
4335,0
4336,0
4337,0
4338,0
4339,0
4340,0
4341,0
4342,0
4343,0
4344,0
4345,0
4346,0
4347,0
4348,0
4349,0
4350,0
4351,0
4352,0
4353,0
4354,0
4355,0
4356,0
4357,0
4358,0
4359,0
4360,0
4361,0
4362,0
4363,0
4364,0
4365,0
4366,0
4367,0
4368,0
4369,0
4370,0
4371,0
4372,0
4373,0
4374,0
4375,0
4376,0
4377,0
4378,0
4379,0
4380,0
4381,0
4382,0
4383,0
4384,0
4385,0
4386,0
4387,0
4388,0
4389,0
4390,0
4391,0
4392,0
4393,0
4394,0
4395,0
4396,0
4397,0
4398,0
4399,0
4400,0
4401,0
4402,0
4403,0
4404,0
4405,0
4406,0
4407,0
4408,0
4409,0
4410,0
4411,0
4412,0
4413,0
4414,0
4415,0
4416,0
4417,0
4418,0
4419,0
4420,0
4421,0
4422,0
4423,0
4424,0
4425,0
4426,0
4427,0
4428,0
4429,0
4430,0
4431,0
4432,0
4433,0
4434,0
4435,0
4436,0
4437,0
4438,0
4439,0
4440,0
4441,0
4442,0
4443,0
4444,0
4445,0
4446,0
4447,0
4448,0
4449,0
4450,0
4451,0
4452,0
4453,0
4454,0
4455,0
4456,0
4457,0
4458,0
4459,0
4460,0
4461,0
4462,0
4463,0
4464,0
4465,0
4466,0
4467,0
4468,0
4469,0
4470,0
4471,0
4472,0
4473,0
4474,0
4475,0
4476,0
4477,0
4478,0
4479,0
4480,0
4481,0
4482,0
4483,0
4484,0
4485,0
4486,0
4487,0
4488,0
4489,0
4490,0
4491,0
4492,0
4493,0
4494,0
4495,0
4496,0
4497,0
4498,0
4499,0
4500,0
4501,0
4502,0
4503,0
4504,0
4505,0
4506,0
4507,0
4508,0
4509,0
4510,0
4511,0
4512,0
4513,0
4514,0
4515,0
4516,0
4517,0
4518,0
4519,0
4520,0
4521,0
4522,0
4523,0
4524,0
4525,0
4526,0
4527,0
4528,0
4529,0
4530,0
4531,0
4532,0
4533,0
4534,0
4535,0
4536,0
4537,0
4538,0
4539,0
4540,0
4541,0
4542,0
4543,0
4544,0
4545,0
4546,0
4547,0
4548,0
4549,0
4550,0
4551,0
4552,0
4553,0
4554,0
4555,0
4556,0
4557,0
4558,0
4559,0
4560,0
4561,0
4562,0
4563,0
4564,0
4565,0
4566,0
4567,0
4568,0
4569,0
4570,0
4571,0
4572,0
4573,0
4574,0
4575,0
4576,0
4577,0
4578,0
4579,0
4580,0
4581,0
4582,0
4583,0
4584,0
4585,0
4586,0
4587,0
4588,0
4589,0
4590,0
4591,0
4592,0
4593,0
4594,0
4595,0
4596,0
4597,0
4598,0
4599,0
4600,0
4601,0
4602,0
4603,0
4604,0
4605,0
4606,0
4607,0
4608,0
4609,0
4610,0
4611,0
4612,0
4613,0
4614,0
4615,0
4616,0
4617,0
4618,0
4619,0
4620,0
4621,0
4622,0
4623,0
4624,0
4625,0
4626,0
4627,0
4628,0
4629,0
4630,0
4631,0
4632,0
4633,0
4634,0
4635,0
4636,0
4637,0
4638,0
4639,0
4640,0
4641,0
4642,0
4643,0
4644,0
4645,0
4646,0
4647,0
4648,0
4649,0
4650,0
4651,0
4652,0
4653,0
4654,0
4655,0
4656,0
4657,0
4658,0
4659,0
4660,0
4661,0
4662,0
4663,0
4664,0
4665,0
4666,0
4667,0
4668,0
4669,0
4670,0
4671,0
4672,0
4673,0
4674,0
4675,0
4676,0
4677,0
4678,0
4679,0
4680,0
4681,0
4682,0
4683,0
4684,0
4685,0
4686,0
4687,0
4688,0
4689,0
4690,0
4691,0
4692,0
4693,0
4694,0
4695,0
4696,0
4697,0
4698,0
4699,0
4700,0
4701,0
4702,0
4703,0
4704,0
4705,0
4706,0
4707,0
4708,0
4709,0
4710,0
4711,0
4712,0
4713,0
4714,0
4715,0
4716,0
4717,0
4718,0
4719,0
4720,0
4721,0
4722,0
4723,0
4724,0
4725,0
4726,0
4727,0
4728,0
4729,0
4730,0
4731,0
4732,0
4733,0
4734,0
4735,0
4736,0
4737,0
4738,0
4739,0
4740,0
4741,0
4742,0
4743,0
4744,0
4745,0
4746,0
4747,0
4748,0
4749,0
4750,0
4751,0
4752,0
4753,0
4754,0
4755,0
4756,0
4757,0
4758,0
4759,0
4760,0
4761,0
4762,0
4763,0
4764,0
4765,0
4766,0
4767,0
4768,0
4769,0
4770,0
4771,0
4772,0
4773,0
4774,0
4775,0
4776,0
4777,0
4778,0
4779,0
4780,0
4781,0
4782,0
4783,0
4784,0
4785,0
4786,0
4787,0
4788,0
4789,0
4790,0
4791,0
4792,0
4793,0
4794,0
4795,0
4796,0
4797,0
4798,0
4799,0
4800,0
4801,0
4802,0
4803,0
4804,0
4805,0
4806,0
4807,0
4808,0
4809,0
4810,0
4811,0
4812,0
4813,0
4814,0
4815,0
4816,0
4817,0
4818,0
4819,0
4820,0
4821,0
4822,0
4823,0
4824,0
4825,0
4826,0
4827,0
4828,0
4829,0
4830,0
4831,0
4832,0
4833,0
4834,0
4835,0
4836,0
4837,0
4838,0
4839,0
4840,0
4841,0
4842,0
4843,0
4844,0
4845,0
4846,0
4847,0
4848,0
4849,0
4850,0
4851,0
4852,0
4853,0
4854,0
4855,0
4856,0
4857,0
4858,0
4859,0
4860,0
4861,0
4862,0
4863,0
4864,0
4865,0
4866,0
4867,0
4868,0
4869,0
4870,0
4871,0
4872,0
4873,0
4874,0
4875,0
4876,0
4877,0
4878,0
4879,0
4880,0
4881,0
4882,0
4883,0
4884,0
4885,0
4886,0
4887,0
4888,0
4889,0
4890,0
4891,0
4892,0
4893,0
4894,0
4895,0
4896,0
4897,0
4898,0
4899,0
4900,0
4901,0
4902,0
4903,0
4904,0
4905,0
4906,0
4907,0
4908,0
4909,0
4910,0
4911,0
4912,0
4913,0
4914,0
4915,0
4916,0
4917,0
4918,0
4919,0
4920,0
4921,0
4922,0
4923,0
4924,0
4925,0
4926,0
4927,0
4928,0
4929,0
4930,0
4931,0
4932,0
4933,0
4934,0
4935,0
4936,0
4937,0
4938,0
4939,0
4940,0
4941,0
4942,0
4943,0
4944,0
4945,0
4946,0
4947,0
4948,0
4949,0
4950,0
4951,0
4952,0
4953,0
4954,0
4955,0
4956,0
4957,0
4958,0
4959,0
4960,0
4961,0
4962,0
4963,0
4964,0
4965,0
4966,0
4967,0
4968,0
4969,0
4970,0
4971,0
4972,0
4973,0
4974,0
4975,0
4976,0
4977,0
4978,0
4979,0
4980,0
4981,0
4982,0
4983,0
4984,0
4985,0
4986,0
4987,0
4988,0
4989,0
4990,0
4991,0
4992,0
4993,0
4994,0
4995,0
4996,0
4997,0
4998,0
4999,0
5000,0
5001,0
5002,0
5003,0
5004,0
5005,0
5006,0
5007,0
5008,0
5009,0
5010,0
5011,0
5012,0
5013,0
5014,0
5015,0
5016,0
5017,0
5018,0
5019,0
5020,0
5021,0
5022,0
5023,0
5024,0
5025,0
5026,0
5027,0
5028,0
5029,0
5030,0
5031,0
5032,0
5033,0
5034,0
5035,0
5036,0
5037,0
5038,0
5039,0
5040,0
5041,0
5042,0
5043,0
5044,0
5045,0
5046,0
5047,0
5048,0
5049,0
5050,0
5051,0
5052,0
5053,0
5054,0
5055,0
5056,0
5057,0
5058,0
5059,0
5060,0
5061,0
5062,0
5063,0
5064,0
5065,0
5066,0
5067,0
5068,0
5069,0
5070,0
5071,0
5072,0
5073,0
5074,0
5075,0
5076,0
5077,0
5078,0
5079,0
5080,0
5081,0
5082,0
5083,0
5084,0
5085,0
5086,0
5087,0
5088,0
5089,0
5090,0
5091,0
5092,0
5093,0
5094,0
5095,0
5096,0
5097,0
5098,0
5099,0
5100,0
5101,0
5102,0
5103,0
5104,0
5105,0
5106,0
5107,0
5108,0
5109,0
5110,0
5111,0
5112,0
5113,0
5114,0
5115,0
5116,0
5117,0
5118,0
5119,0
5120,0
5121,0
5122,0
5123,0
5124,0
5125,0
5126,0
5127,0
5128,0
5129,0
5130,0
5131,0
5132,0
5133,0
5134,0
5135,0
5136,0
5137,0
5138,0
5139,0
5140,0
5141,0
5142,0
5143,0
5144,0
5145,0
5146,0
5147,0
5148,0
5149,0
5150,0
5151,0
5152,0
5153,0
5154,0
5155,0
5156,0
5157,0
5158,0
5159,0
5160,0
5161,0
5162,0
5163,0
5164,0
5165,0
5166,0
5167,0
5168,0
5169,0
5170,0
5171,0
5172,0
5173,0
5174,0
5175,0
5176,0
5177,0
5178,0
5179,0
5180,0
5181,0
5182,0
5183,0
5184,0
5185,0
5186,0
5187,0
5188,0
5189,0
5190,0
5191,0
5192,0
5193,0
5194,0
5195,0
5196,0
5197,0
5198,0
5199,0
5200,0
5201,0
5202,0
5203,0
5204,0
5205,0
5206,0
5207,0
5208,0
5209,0
5210,0
5211,0
5212,0
5213,0
5214,0
5215,0
5216,0
5217,0
5218,0
5219,0
5220,0
5221,0
5222,0
5223,0
5224,0
5225,0
5226,0
5227,0
5228,0
5229,0
5230,0
5231,0
5232,0
5233,0
5234,0
5235,0
5236,0
5237,0
5238,0
5239,0
5240,0
5241,0
5242,0
5243,0
5244,0
5245,0
5246,0
5247,0
5248,0
5249,0
5250,0
5251,0
5252,0
5253,0
5254,0
5255,0
5256,0
5257,0
5258,0
5259,0
5260,0
5261,0
5262,0
5263,0
5264,0
5265,0
5266,0
5267,0
5268,0
5269,0
5270,0
5271,0
5272,0
5273,0
5274,0
5275,0
5276,0
5277,0
5278,0
5279,0
5280,0
5281,0
5282,0
5283,0
5284,0
5285,0
5286,0
5287,0
5288,0
5289,0
5290,0
5291,0
5292,0
5293,0
5294,0
5295,0
5296,0
5297,0
5298,0
5299,0
5300,0
5301,0
5302,0
5303,0
5304,0
5305,0
5306,0
5307,0
5308,0
5309,0
5310,0
5311,0
5312,0
5313,0
5314,0
5315,0
5316,0
5317,0
5318,0
5319,0
5320,0
5321,0
5322,0
5323,0
5324,0
5325,0
5326,0
5327,0
5328,0
5329,0
5330,0
5331,0
5332,0
5333,0
5334,0
5335,0
5336,0
5337,0
5338,0
5339,0
5340,0
5341,0
5342,0
5343,0
5344,0
5345,0
5346,0
5347,0
5348,0
5349,0
5350,0
5351,0
5352,0
5353,0
5354,0
5355,0
5356,0
5357,0
5358,0
5359,0
5360,0
5361,0
5362,0
5363,0
5364,0
5365,0
5366,0
5367,0
5368,0
5369,0
5370,0
5371,0
5372,0
5373,0
5374,0
5375,0
5376,0
5377,0
5378,0
5379,0
5380,0
5381,0
5382,0
5383,0
5384,0
5385,0
5386,0
5387,0
5388,0
5389,0
5390,0
5391,0
5392,0
5393,0
5394,0
5395,0
5396,0
5397,0
5398,0
5399,0
5400,0
5401,0
5402,0
5403,0
5404,0
5405,0
5406,0
5407,0
5408,0
5409,0
5410,0
5411,0
5412,0
5413,0
5414,0
5415,0
5416,0
5417,0
5418,0
5419,0
5420,0
5421,0
5422,0
5423,0
5424,0
5425,0
5426,0
5427,0
5428,0
5429,0
5430,0
5431,0
5432,0
5433,0
5434,0
5435,0
5436,0
5437,0
5438,0
5439,0
5440,0
5441,0
5442,0
5443,0
5444,0
5445,0
5446,0
5447,0
5448,0
5449,0
5450,0
5451,0
5452,0
5453,0
5454,0
5455,0
5456,0
5457,0
5458,0
5459,0
5460,0
5461,0
5462,0
5463,0
5464,0
5465,0
5466,0
5467,0
5468,0
5469,0
5470,0
5471,0
5472,0
5473,0
5474,0
5475,0
5476,0
5477,0
5478,0
5479,0
5480,0
5481,0
5482,0
5483,0
5484,0
5485,0
5486,0
5487,0
5488,0
5489,0
5490,0
5491,0
5492,0
5493,0
5494,0
5495,0
5496,0
5497,0
5498,0
5499,0
5500,0
5501,0
5502,0
5503,0
5504,0
5505,0
5506,0
5507,0
5508,0
5509,0
5510,0
5511,0
5512,0
5513,0
5514,0
5515,0
5516,0
5517,0
5518,0
5519,0
5520,0
5521,0
5522,0
5523,0
5524,0
5525,0
5526,0
5527,0
5528,0
5529,0
5530,0
5531,0
5532,0
5533,0
5534,0
5535,0
5536,0
5537,0
5538,0
5539,0
5540,0
5541,0
5542,0
5543,0
5544,0
5545,0
5546,0
5547,0
5548,0
5549,0
5550,0
5551,0
5552,0
5553,0
5554,0
5555,0
5556,0
5557,0
5558,0
5559,0
5560,0
5561,0
5562,0
5563,0
5564,0
5565,0
5566,0
5567,0
5568,0
5569,0
5570,0
5571,0
5572,0
5573,0
5574,0
5575,0
5576,0
5577,0
5578,0
5579,0
5580,0
5581,0
5582,0
5583,0
5584,0
5585,0
5586,0
5587,0
5588,0
5589,0
5590,0
5591,0
5592,0
5593,0
5594,0
5595,0
5596,0
5597,0
5598,0
5599,0
5600,0
5601,0
5602,0
5603,0
5604,0
5605,0
5606,0
5607,0
5608,0
5609,0
5610,0
5611,0
5612,0
5613,0
5614,0
5615,0
5616,0
5617,0
5618,0
5619,0
5620,0
5621,0
5622,0
5623,0
5624,0
5625,0
5626,0
5627,0
5628,0
5629,0
5630,0
5631,0
5632,0
5633,0
5634,0
5635,0
5636,0
5637,0
5638,0
5639,0
5640,0
5641,0
5642,0
5643,0
5644,0
5645,0
5646,0
5647,0
5648,0
5649,0
5650,0
5651,0
5652,0
5653,0
5654,0
5655,0
5656,0
5657,0
5658,0
5659,0
5660,0
5661,0
5662,0
5663,0
5664,0
5665,0
5666,0
5667,0
5668,0
5669,0
5670,0
5671,0
5672,0
5673,0
5674,0
5675,0
5676,0
5677,0
5678,0
5679,0
5680,0
5681,0
5682,0
5683,0
5684,0
5685,0
5686,0
5687,0
5688,0
5689,0
5690,0
5691,0
5692,0
5693,0
5694,0
5695,0
5696,0
5697,0
5698,0
5699,0
5700,0
5701,0
5702,0
5703,0
5704,0
5705,0
5706,0
5707,0
5708,0
5709,0
5710,0
5711,0
5712,0
5713,0
5714,0
5715,0
5716,0
5717,0
5718,0
5719,0
5720,0
5721,0
5722,0
5723,0
5724,0
5725,0
5726,0
5727,0
5728,0
5729,0
5730,0
5731,0
5732,0
5733,0
5734,0
5735,0
5736,0
5737,0
5738,0
5739,0
5740,0
5741,0
5742,0
5743,0
5744,0
5745,0
5746,0
5747,0
5748,0
5749,0
5750,0
5751,0
5752,0
5753,0
5754,0
5755,0
5756,0
5757,0
5758,0
5759,0
5760,0
5761,0
5762,0
5763,0
5764,0
5765,0
5766,0
5767,0
5768,0
5769,0
5770,0
5771,0
5772,0
5773,0
5774,0
5775,0
5776,0
5777,0
5778,0
5779,0
5780,0
5781,0
5782,0
5783,0
5784,0
5785,0
5786,0
5787,0
5788,0
5789,0
5790,0
5791,0
5792,0
5793,0
5794,0
5795,0
5796,0
5797,0
5798,0
5799,0
5800,0
5801,0
5802,0
5803,0
5804,0
5805,0
5806,0
5807,0
5808,0
5809,0
5810,0
5811,0
5812,0
5813,0
5814,0
5815,0
5816,0
5817,0
5818,0
5819,0
5820,0
5821,0
5822,0
5823,0
5824,0
5825,0
5826,0
5827,0
5828,0
5829,0
5830,0
5831,0
5832,0
5833,0
5834,0
5835,0
5836,0
5837,0
5838,0
5839,0
5840,0
5841,0
5842,0
5843,0
5844,0
5845,0
5846,0
5847,0
5848,0
5849,0
5850,0
5851,0
5852,0
5853,0
5854,0
5855,0
5856,0
5857,0
5858,0
5859,0
5860,0
5861,0
5862,0
5863,0
5864,0
5865,0
5866,0
5867,0
5868,0
5869,0
5870,0
5871,0
5872,0
5873,0
5874,0
5875,0
5876,0
5877,0
5878,0
5879,0
5880,0
5881,0
5882,0
5883,0
5884,0
5885,0
5886,0
5887,0
5888,0
5889,0
5890,0
5891,0
5892,0
5893,0
5894,0
5895,0
5896,0
5897,0
5898,0
5899,0
5900,0
5901,0
5902,0
5903,0
5904,0
5905,0
5906,0
5907,0
5908,0
5909,0
5910,0
5911,0
5912,0
5913,0
5914,0
5915,0
5916,0
5917,0
5918,0
5919,0
5920,0
5921,0
5922,0
5923,0
5924,0
5925,0
5926,0
5927,0
5928,0
5929,0
5930,0
5931,0
5932,0
5933,0
5934,0
5935,0
5936,0
5937,0
5938,0
5939,0
5940,0
5941,0
5942,0
5943,0
5944,0
5945,0
5946,0
5947,0
5948,0
5949,0
5950,0
5951,0
5952,0
5953,0
5954,0
5955,0
5956,0
5957,0
5958,0
5959,0
5960,0
5961,0
5962,0
5963,0
5964,0
5965,0
5966,0
5967,0
5968,0
5969,0
5970,0
5971,0
5972,0
5973,0
5974,0
5975,0
5976,0
5977,0
5978,0
5979,0
5980,0
5981,0
5982,0
5983,0
5984,0
5985,0
5986,0
5987,0
5988,0
5989,0
5990,0
5991,0
5992,0
5993,0
5994,0
5995,0
5996,0
5997,0
5998,0
5999,0
6000,0
6001,0
6002,0
6003,0
6004,0
6005,0
6006,0
6007,0
6008,0
6009,0
6010,0
6011,0
6012,0
6013,0
6014,0
6015,0
6016,0
6017,0
6018,0
6019,0
6020,0
6021,0
6022,0
6023,0
6024,0
6025,0
6026,0
6027,0
6028,0
6029,0
6030,0
6031,0
6032,0
6033,0
6034,0
6035,0
6036,0
6037,0
6038,0
6039,0
6040,0
6041,0
6042,0
6043,0
6044,0
6045,0
6046,0
6047,0
6048,0
6049,0
6050,0
6051,0
6052,0
6053,0
6054,0
6055,0
6056,0
6057,0
6058,0
6059,0
6060,0
6061,0
6062,0
6063,0
6064,0
6065,0
6066,0
6067,0
6068,0
6069,0
6070,0
6071,0
6072,0
6073,0
6074,0
6075,0
6076,0
6077,0
6078,0
6079,0
6080,0
6081,0
6082,0
6083,0
6084,0
6085,0
6086,0
6087,0
6088,0
6089,0
6090,0
6091,0
6092,0
6093,0
6094,0
6095,0
6096,0
6097,0
6098,0
6099,0
6100,0
6101,0
6102,0
6103,0
6104,0
6105,0
6106,0
6107,0
6108,0
6109,0
6110,0
6111,0
6112,0
6113,0
6114,0
6115,0
6116,0
6117,0
6118,0
6119,0
6120,0
6121,0
6122,0
6123,0
6124,0
6125,0
6126,0
6127,0
6128,0
6129,0
6130,0
6131,0
6132,0
6133,0
6134,0
6135,0
6136,0
6137,0
6138,0
6139,0
6140,0
6141,0
6142,0
6143,0
6144,0
6145,0
6146,0
6147,0
6148,0
6149,0
6150,0
6151,0
6152,0
6153,0
6154,0
6155,0
6156,0
6157,0
6158,0
6159,0
6160,0
6161,0
6162,0
6163,0
6164,0
6165,0
6166,0
6167,0
6168,0
6169,0
6170,0
6171,0
6172,0
6173,0
6174,0
6175,0
6176,0
6177,0
6178,0
6179,0
6180,0
6181,0
6182,0
6183,0
6184,0
6185,0
6186,0
6187,0
6188,0
6189,0
6190,0
6191,0
6192,0
6193,0
6194,0
6195,0
6196,0
6197,0
6198,0
6199,0
6200,0
6201,0
6202,0
6203,0
6204,0
6205,0
6206,0
6207,0
6208,0
6209,0
6210,0
6211,0
6212,0
6213,0
6214,0
6215,0
6216,0
6217,0
6218,0
6219,0
6220,0
6221,0
6222,0
6223,0
6224,0
6225,0
6226,0
6227,0
6228,0
6229,0
6230,0
6231,0
6232,0
6233,0
6234,0
6235,0
6236,0
6237,0
6238,0
6239,0
6240,0
6241,0
6242,0
6243,0
6244,0
6245,0
6246,0
6247,0
6248,0
6249,0
6250,0
6251,0
6252,0
6253,0
6254,0
6255,0
6256,0
6257,0
6258,0
6259,0
6260,0
6261,0
6262,0
6263,0
6264,0
6265,0
6266,0
6267,0
6268,0
6269,0
6270,0
6271,0
6272,0
6273,0
6274,0
6275,0
6276,0
6277,0
6278,0
6279,0
6280,0
6281,0
6282,0
6283,0
6284,0
6285,0
6286,0
6287,0
6288,0
6289,0
6290,0
6291,0
6292,0
6293,0
6294,0
6295,0
6296,0
6297,0
6298,0
6299,0
6300,0
6301,0
6302,0
6303,0
6304,0
6305,0
6306,0
6307,0
6308,0
6309,0
6310,0
6311,0
6312,0
6313,0
6314,0
6315,0
6316,0
6317,0
6318,0
6319,0
6320,0
6321,0
6322,0
6323,0
6324,0
6325,0
6326,0
6327,0
6328,0
6329,0
6330,0
6331,0
6332,0
6333,0
6334,0
6335,0
6336,0
6337,0
6338,0
6339,0
6340,0
6341,0
6342,0
6343,0
6344,0
6345,0
6346,0
6347,0
6348,0
6349,0
6350,0
6351,0
6352,0
6353,0
6354,0
6355,0
6356,0
6357,0
6358,0
6359,0
6360,0
6361,0
6362,0
6363,0
6364,0
6365,0
6366,0
6367,0
6368,0
6369,0
6370,0
6371,0
6372,0
6373,0
6374,0
6375,0
6376,0
6377,0
6378,0
6379,0
6380,0
6381,0
6382,0
6383,0
6384,0
6385,0
6386,0
6387,0
6388,0
6389,0
6390,0
6391,0
6392,0
6393,0
6394,0
6395,0
6396,0
6397,0
6398,0
6399,0
6400,0
6401,0
6402,0
6403,0
6404,0
6405,0
6406,0
6407,0
6408,0
6409,0
6410,0
6411,0
6412,0
6413,0
6414,0
6415,0
6416,0
6417,0
6418,0
6419,0
6420,0
6421,0
6422,0
6423,0
6424,0
6425,0
6426,0
6427,0
6428,0
6429,0
6430,0
6431,0
6432,0
6433,0
6434,0
6435,0
6436,0
6437,0
6438,0
6439,0
6440,0
6441,0
6442,0
6443,0
6444,0
6445,0
6446,0
6447,0
6448,0
6449,0
6450,0
6451,0
6452,0
6453,0
6454,0
6455,0
6456,0
6457,0
6458,0
6459,0
6460,0
6461,0
6462,0
6463,0
6464,0
6465,0
6466,0
6467,0
6468,0
6469,0
6470,0
6471,0
6472,0
6473,0
6474,0
6475,0
6476,0
6477,0
6478,0
6479,0
6480,0
6481,0
6482,0
6483,0
6484,0
6485,0
6486,0
6487,0
6488,0
6489,0
6490,0
6491,0
6492,0
6493,0
6494,0
6495,0
6496,0
6497,0
6498,0
6499,0
6500,0
6501,0
6502,0
6503,0
6504,0
6505,0
6506,0
6507,0
6508,0
6509,0
6510,0
6511,0
6512,0
6513,0
6514,0
6515,0
6516,0
6517,0
6518,0
6519,0
6520,0
6521,0
6522,0
6523,0
6524,0
6525,0
6526,0
6527,0
6528,0
6529,0
6530,0
6531,0
6532,0
6533,0
6534,0
6535,0
6536,0
6537,0
6538,0
6539,0
6540,0
6541,0
6542,0
6543,0
6544,0
6545,0
6546,0
6547,0
6548,0
6549,0
6550,0
6551,0
6552,0
6553,0
6554,0
6555,0
6556,0
6557,0
6558,0
6559,0
6560,0
6561,0
6562,0
6563,0
6564,0
6565,0
6566,0
6567,0
6568,0
6569,0
6570,0
6571,0
6572,0
6573,0
6574,0
6575,0
6576,0
6577,0
6578,0
6579,0
6580,0
6581,0
6582,0
6583,0
6584,0
6585,0
6586,0
6587,0
6588,0
6589,0
6590,0
6591,0
6592,0
6593,0
6594,0
6595,0
6596,0
6597,0
6598,0
6599,0
6600,0
6601,0
6602,0
6603,0
6604,0
6605,0
6606,0
6607,0
6608,0
6609,0
6610,0
6611,0
6612,0
6613,0
6614,0
6615,0
6616,0
6617,0
6618,0
6619,0
6620,0
6621,0
6622,0
6623,0
6624,0
6625,0
6626,0
6627,0
6628,0
6629,0
6630,0
6631,0
6632,0
6633,0
6634,0
6635,0
6636,0
6637,0
6638,0
6639,0
6640,0
6641,0
6642,0
6643,0
6644,0
6645,0
6646,0
6647,0
6648,0
6649,0
6650,0
6651,0
6652,0
6653,0
6654,0
6655,0
6656,0
6657,0
6658,0
6659,0
6660,0
6661,0
6662,0
6663,0
6664,0
6665,0
6666,0
6667,0
6668,0
6669,0
6670,0
6671,0
6672,0
6673,0
6674,0
6675,0
6676,0
6677,0
6678,0
6679,0
6680,0
6681,0
6682,0
6683,0
6684,0
6685,0
6686,0
6687,0
6688,0
6689,0
6690,0
6691,0
6692,0
6693,0
6694,0
6695,0
6696,0
6697,0
6698,0
6699,0
6700,0
6701,0
6702,0
6703,0
6704,0
6705,0
6706,0
6707,0
6708,0
6709,0
6710,0
6711,0
6712,0
6713,0
6714,0
6715,0
6716,0
6717,0
6718,0
6719,0
6720,0
6721,0
6722,0
6723,0
6724,0
6725,0
6726,0
6727,0
6728,0
6729,0
6730,0
6731,0
6732,0
6733,0
6734,0
6735,0
6736,0
6737,0
6738,0
6739,0
6740,0
6741,0
6742,0
6743,0
6744,0
6745,0
6746,0
6747,0
6748,0
6749,0
6750,0
6751,0
6752,0
6753,0
6754,0
6755,0
6756,0
6757,0
6758,0
6759,0
6760,0
6761,0
6762,0
6763,0
6764,0
6765,0
6766,0
6767,0
6768,0
6769,0
6770,0
6771,0
6772,0
6773,0
6774,0
6775,0
6776,0
6777,0
6778,0
6779,0
6780,0
6781,0
6782,0
6783,0
6784,0
6785,0
6786,0
6787,0
6788,0
6789,0
6790,0
6791,0
6792,0
6793,0
6794,0
6795,0
6796,0
6797,0
6798,0
6799,0
6800,0
6801,0
6802,0
6803,0
6804,0
6805,0
6806,0
6807,0
6808,0
6809,0
6810,0
6811,0
6812,0
6813,0
6814,0
6815,0
6816,0
6817,0
6818,0
6819,0
6820,0
6821,0
6822,0
6823,0
6824,0
6825,0
6826,0
6827,0
6828,0
6829,0
6830,0
6831,0
6832,0
6833,0
6834,0
6835,0
6836,0
6837,0
6838,0
6839,0
6840,0
6841,0
6842,0
6843,0
6844,0
6845,0
6846,0
6847,0
6848,0
6849,0
6850,0
6851,0
6852,0
6853,0
6854,0
6855,0
6856,0
6857,0
6858,0
6859,0
6860,0
6861,0
6862,0
6863,0
6864,0
6865,0
6866,0
6867,0
6868,0
6869,0
6870,0
6871,0
6872,0
6873,0
6874,0
6875,0
6876,0
6877,0
6878,0
6879,0
6880,0
6881,0
6882,0
6883,0
6884,0
6885,0
6886,0
6887,0
6888,0
6889,0
6890,0
6891,0
6892,0
6893,0
6894,0
6895,0
6896,0
6897,0
6898,0
6899,0
6900,0
6901,0
6902,0
6903,0
6904,0
6905,0
6906,0
6907,0
6908,0
6909,0
6910,0
6911,0
6912,0
6913,0
6914,0
6915,0
6916,0
6917,0
6918,0
6919,0
6920,0
6921,0
6922,0
6923,0
6924,0
6925,0
6926,0
6927,0
6928,0
6929,0
6930,0
6931,0
6932,0
6933,0
6934,0
6935,0
6936,0
6937,0
6938,0
6939,0
6940,0
6941,0
6942,0
6943,0
6944,0
6945,0
6946,0
6947,0
6948,0
6949,0
6950,0
6951,0
6952,0
6953,0
6954,0
6955,0
6956,0
6957,0
6958,0
6959,0
6960,0
6961,0
6962,0
6963,0
6964,0
6965,0
6966,0
6967,0
6968,0
6969,0
6970,0
6971,0
6972,0
6973,0
6974,0
6975,0
6976,0
6977,0
6978,0
6979,0
6980,0
6981,0
6982,0
6983,0
6984,0
6985,0
6986,0
6987,0
6988,0
6989,0
6990,0
6991,0
6992,0
6993,0
6994,0
6995,0
6996,0
6997,0
6998,0
6999,0
7000,0
7001,0
7002,0
7003,0
7004,0
7005,0
7006,0
7007,0
7008,0
7009,0
7010,0
7011,0
7012,0
7013,0
7014,0
7015,0
7016,0
7017,0
7018,0
7019,0
7020,0
7021,0
7022,0
7023,0
7024,0
7025,0
7026,0
7027,0
7028,0
7029,0
7030,0
7031,0
7032,0
7033,0
7034,0
7035,0
7036,0
7037,0
7038,0
7039,0
7040,0
7041,0
7042,0
7043,0
7044,0
7045,0
7046,0
7047,0
7048,0
7049,0
7050,0
7051,0
7052,0
7053,0
7054,0
7055,0
7056,0
7057,0
7058,0
7059,0
7060,0
7061,0
7062,0
7063,0
7064,0
7065,0
7066,0
7067,0
7068,0
7069,0
7070,0
7071,0
7072,0
7073,0
7074,0
7075,0
7076,0
7077,0
7078,0
7079,0
7080,0
7081,0
7082,0
7083,0
7084,0
7085,0
7086,0
7087,0
7088,0
7089,0
7090,0
7091,0
7092,0
7093,0
7094,0
7095,0
7096,0
7097,0
7098,0
7099,0
7100,0
7101,0
7102,0
7103,0
7104,0
7105,0
7106,0
7107,0
7108,0
7109,0
7110,0
7111,0
7112,0
7113,0
7114,0
7115,0
7116,0
7117,0
7118,0
7119,0
7120,0
7121,0
7122,0
7123,0
7124,0
7125,0
7126,0
7127,0
7128,0
7129,0
7130,0
7131,0
7132,0
7133,0
7134,0
7135,0
7136,0
7137,0
7138,0
7139,0
7140,0
7141,0
7142,0
7143,0
7144,0
7145,0
7146,0
7147,0
7148,0
7149,0
7150,0
7151,0
7152,0
7153,0
7154,0
7155,0
7156,0
7157,0
7158,0
7159,0
7160,0
7161,0
7162,0
7163,0
7164,0
7165,0
7166,0
7167,0
7168,0
7169,0
7170,0
7171,0
7172,0
7173,0
7174,0
7175,0
7176,0
7177,0
7178,0
7179,0
7180,0
7181,0
7182,0
7183,0
7184,0
7185,0
7186,0
7187,0
7188,0
7189,0
7190,0
7191,0
7192,0
7193,0
7194,0
7195,0
7196,0
7197,0
7198,0
7199,0
7200,0
7201,0
7202,0
7203,0
7204,0
7205,0
7206,0
7207,0
7208,0
7209,0
7210,0
7211,0
7212,0
7213,0
7214,0
7215,0
7216,0
7217,0
7218,0
7219,0
7220,0
7221,0
7222,0
7223,0
7224,0
7225,0
7226,0
7227,0
7228,0
7229,0
7230,0
7231,0
7232,0
7233,0
7234,0
7235,0
7236,0
7237,0
7238,0
7239,0
7240,0
7241,0
7242,0
7243,0
7244,0
7245,0
7246,0
7247,0
7248,0
7249,0
7250,0
7251,0
7252,0
7253,0
7254,0
7255,0
7256,0
7257,0
7258,0
7259,0
7260,0
7261,0
7262,0
7263,0
7264,0
7265,0
7266,0
7267,0
7268,0
7269,0
7270,0
7271,0
7272,0
7273,0
7274,0
7275,0
7276,0
7277,0
7278,0
7279,0
7280,0
7281,0
7282,0
7283,0
7284,0
7285,0
7286,0
7287,0
7288,0
7289,0
7290,0
7291,0
7292,0
7293,0
7294,0
7295,0
7296,0
7297,0
7298,0
7299,0
7300,0
7301,0
7302,0
7303,0
7304,0
7305,0
7306,0
7307,0
7308,0
7309,0
7310,0
7311,0
7312,0
7313,0
7314,0
7315,0
7316,0
7317,0
7318,0
7319,0
7320,0
7321,0
7322,0
7323,0
7324,0
7325,0
7326,0
7327,0
7328,0
7329,0
7330,0
7331,0
7332,0
7333,0
7334,0
7335,0
7336,0
7337,0
7338,0
7339,0
7340,0
7341,0
7342,0
7343,0
7344,0
7345,0
7346,0
7347,0
7348,0
7349,0
7350,0
7351,0
7352,0
7353,0
7354,0
7355,0
7356,0
7357,0
7358,0
7359,0
7360,0
7361,0
7362,0
7363,0
7364,0
7365,0
7366,0
7367,0
7368,0
7369,0
7370,0
7371,0
7372,0
7373,0
7374,0
7375,0
7376,0
7377,0
7378,0
7379,0
7380,0
7381,0
7382,0
7383,0
7384,0
7385,0
7386,0
7387,0
7388,0
7389,0
7390,0
7391,0
7392,0
7393,0
7394,0
7395,0
7396,0
7397,0
7398,0
7399,0
7400,0
7401,0
7402,0
7403,0
7404,0
7405,0
7406,0
7407,0
7408,0
7409,0
7410,0
7411,0
7412,0
7413,0
7414,0
7415,0
7416,0
7417,0
7418,0
7419,0
7420,0
7421,0
7422,0
7423,0
7424,0
7425,0
7426,0
7427,0
7428,0
7429,0
7430,0
7431,0
7432,0
7433,0
7434,0
7435,0
7436,0
7437,0
7438,0
7439,0
7440,0
7441,0
7442,0
7443,0
7444,0
7445,0
7446,0
7447,0
7448,0
7449,0
7450,0
7451,0
7452,0
7453,0
7454,0
7455,0
7456,0
7457,0
7458,0
7459,0
7460,0
7461,0
7462,0
7463,0
7464,0
7465,0
7466,0
7467,0
7468,0
7469,0
7470,0
7471,0
7472,0
7473,0
7474,0
7475,0
7476,0
7477,0
7478,0
7479,0
7480,0
7481,0
7482,0
7483,0
7484,0
7485,0
7486,0
7487,0
7488,0
7489,0
7490,0
7491,0
7492,0
7493,0
7494,0
7495,0
7496,0
7497,0
7498,0
7499,0
7500,0
7501,0
7502,0
7503,0
7504,0
7505,0
7506,0
7507,0
7508,0
7509,0
7510,0
7511,0
7512,0
7513,0
7514,0
7515,0
7516,0
7517,0
7518,0
7519,0
7520,0
7521,0
7522,0
7523,0
7524,0
7525,0
7526,0
7527,0
7528,0
7529,0
7530,0
7531,0
7532,0
7533,0
7534,0
7535,0
7536,0
7537,0
7538,0
7539,0
7540,0
7541,0
7542,0
7543,0
7544,0
7545,0
7546,0
7547,0
7548,0
7549,0
7550,0
7551,0
7552,0
7553,0
7554,0
7555,0
7556,0
7557,0
7558,0
7559,0
7560,0
7561,0
7562,0
7563,0
7564,0
7565,0
7566,0
7567,0
7568,0
7569,0
7570,0
7571,0
7572,0
7573,0
7574,0
7575,0
7576,0
7577,0
7578,0
7579,0
7580,0
7581,0
7582,0
7583,0
7584,0
7585,0
7586,0
7587,0
7588,0
7589,0
7590,0
7591,0
7592,0
7593,0
7594,0
7595,0
7596,0
7597,0
7598,0
7599,0
7600,0
7601,0
7602,0
7603,0
7604,0
7605,0
7606,0
7607,0
7608,0
7609,0
7610,0
7611,0
7612,0
7613,0
7614,0
7615,0
7616,0
7617,0
7618,0
7619,0
7620,0
7621,0
7622,0
7623,0
7624,0
7625,0
7626,0
7627,0
7628,0
7629,0
7630,0
7631,0
7632,0
7633,0
7634,0
7635,0
7636,0
7637,0
7638,0
7639,0
7640,0
7641,0
7642,0
7643,0
7644,0
7645,0
7646,0
7647,0
7648,0
7649,0
7650,0
7651,0
7652,0
7653,0
7654,0
7655,0
7656,0
7657,0
7658,0
7659,0
7660,0
7661,0
7662,0
7663,0
7664,0
7665,0
7666,0
7667,0
7668,0
7669,0
7670,0
7671,0
7672,0
7673,0
7674,0
7675,0
7676,0
7677,0
7678,0
7679,0
7680,0
7681,0
7682,0
7683,0
7684,0
7685,0
7686,0
7687,0
7688,0
7689,0
7690,0
7691,0
7692,0
7693,0
7694,0
7695,0
7696,0
7697,0
7698,0
7699,0
7700,0
7701,0
7702,0
7703,0
7704,0
7705,0
7706,0
7707,0
7708,0
7709,0
7710,0
7711,0
7712,0
7713,0
7714,0
7715,0
7716,0
7717,0
7718,0
7719,0
7720,0
7721,0
7722,0
7723,0
7724,0
7725,0
7726,0
7727,0
7728,0
7729,0
7730,0
7731,0
7732,0
7733,0
7734,0
7735,0
7736,0
7737,0
7738,0
7739,0
7740,0
7741,0
7742,0
7743,0
7744,0
7745,0
7746,0
7747,0
7748,0
7749,0
7750,0
7751,0
7752,0
7753,0
7754,0
7755,0
7756,0
7757,0
7758,0
7759,0
7760,0
7761,0
7762,0
7763,0
7764,0
7765,0
7766,0
7767,0
7768,0
7769,0
7770,0
7771,0
7772,0
7773,0
7774,0
7775,0
7776,0
7777,0
7778,0
7779,0
7780,0
7781,0
7782,0
7783,0
7784,0
7785,0
7786,0
7787,0
7788,0
7789,0
7790,0
7791,0
7792,0
7793,0
7794,0
7795,0
7796,0
7797,0
7798,0
7799,0
7800,0
7801,0
7802,0
7803,0
7804,0
7805,0
7806,0
7807,0
7808,0
7809,0
7810,0
7811,0
7812,0
7813,0
7814,0
7815,0
7816,0
7817,0
7818,0
7819,0
7820,0
7821,0
7822,0
7823,0
7824,0
7825,0
7826,0
7827,0
7828,0
7829,0
7830,0
7831,0
7832,0
7833,0
7834,0
7835,0
7836,0
7837,0
7838,0
7839,0
7840,0
7841,0
7842,0
7843,0
7844,0
7845,0
7846,0
7847,0
7848,0
7849,0
7850,0
7851,0
7852,0
7853,0
7854,0
7855,0
7856,0
7857,0
7858,0
7859,0
7860,0
7861,0
7862,0
7863,0
7864,0
7865,0
7866,0
7867,0
7868,0
7869,0
7870,0
7871,0
7872,0
7873,0
7874,0
7875,0
7876,0
7877,0
7878,0
7879,0
7880,0
7881,0
7882,0
7883,0
7884,0
7885,0
7886,0
7887,0
7888,0
7889,0
7890,0
7891,0
7892,0
7893,0
7894,0
7895,0
7896,0
7897,0
7898,0
7899,0
7900,0
7901,0
7902,0
7903,0
7904,0
7905,0
7906,0
7907,0
7908,0
7909,0
7910,0
7911,0
7912,0
7913,0
7914,0
7915,0
7916,0
7917,0
7918,0
7919,0
7920,0
7921,0
7922,0
7923,0
7924,0
7925,0
7926,0
7927,0
7928,0
7929,0
7930,0
7931,0
7932,0
7933,0
7934,0
7935,0
7936,0
7937,0
7938,0
7939,0
7940,0
7941,0
7942,0
7943,0
7944,0
7945,0
7946,0
7947,0
7948,0
7949,0
7950,0
7951,0
7952,0
7953,0
7954,0
7955,0
7956,0
7957,0
7958,0
7959,0
7960,0
7961,0
7962,0
7963,0
7964,0
7965,0
7966,0
7967,0
7968,0
7969,0
7970,0
7971,0
7972,0
7973,0
7974,0
7975,0
7976,0
7977,0
7978,0
7979,0
7980,0
7981,0
7982,0
7983,0
7984,0
7985,0
7986,0
7987,0
7988,0
7989,0
7990,0
7991,0
7992,0
7993,0
7994,0
7995,0
7996,0
7997,0
7998,0
7999,0
8000,0
8001,0
8002,0
8003,0
8004,0
8005,0
8006,0
8007,0
8008,0
8009,0
8010,0
8011,0
8012,0
8013,0
8014,0
8015,0
8016,0
8017,0
8018,0
8019,0
8020,0
8021,0
8022,0
8023,0
8024,0
8025,0
8026,0
8027,0
8028,0
8029,0
8030,0
8031,0
8032,0
8033,0
8034,0
8035,0
8036,0
8037,0
8038,0
8039,0
8040,0
8041,0
8042,0
8043,0
8044,0
8045,0
8046,0
8047,0
8048,0
8049,0
8050,0
8051,0
8052,0
8053,0
8054,0
8055,0
8056,0
8057,0
8058,0
8059,0
8060,0
8061,0
8062,0
8063,0
8064,0
8065,0
8066,0
8067,0
8068,0
8069,0
8070,0
8071,0
8072,0
8073,0
8074,0
8075,0
8076,0
8077,0
8078,0
8079,0
8080,0
8081,0
8082,0
8083,0
8084,0
8085,0
8086,0
8087,0
8088,0
8089,0
8090,0
8091,0
8092,0
8093,0
8094,0
8095,0
8096,0
8097,0
8098,0
8099,0
8100,0
8101,0
8102,0
8103,0
8104,0
8105,0
8106,0
8107,0
8108,0
8109,0
8110,0
8111,0
8112,0
8113,0
8114,0
8115,0
8116,0
8117,0
8118,0
8119,0
8120,0
8121,0
8122,0
8123,0
8124,0
8125,0
8126,0
8127,0
8128,0
8129,0
8130,0
8131,0
8132,0
8133,0
8134,0
8135,0
8136,0
8137,0
8138,0
8139,0
8140,0
8141,0
8142,0
8143,0
8144,0
8145,0
8146,0
8147,0
8148,0
8149,0
8150,0
8151,0
8152,0
8153,0
8154,0
8155,0
8156,0
8157,0
8158,0
8159,0
8160,0
8161,0
8162,0
8163,0
8164,0
8165,0
8166,0
8167,0
8168,0
8169,0
8170,0
8171,0
8172,0
8173,0
8174,0
8175,0
8176,0
8177,0
8178,0
8179,0
8180,0
8181,0
8182,0
8183,0
8184,0
8185,0
8186,0
8187,0
8188,0
8189,0
8190,0
8191,0
8192,0
8193,0
8194,0
8195,0
8196,0
8197,0
8198,0
8199,0
8200,0
8201,0
8202,0
8203,0
8204,0
8205,0
8206,0
8207,0
8208,0
8209,0
8210,0
8211,0
8212,0
8213,0
8214,0
8215,0
8216,0
8217,0
8218,0
8219,0
8220,0
8221,0
8222,0
8223,0
8224,0
8225,0
8226,0
8227,0
8228,0
8229,0
8230,0
8231,0
8232,0
8233,0
8234,0
8235,0
8236,0
8237,0
8238,0
8239,0
8240,0
8241,0
8242,0
8243,0
8244,0
8245,0
8246,0
8247,0
8248,0
8249,0
8250,0
8251,0
8252,0
8253,0
8254,0
8255,0
8256,0
8257,0
8258,0
8259,0
8260,0
8261,0
8262,0
8263,0
8264,0
8265,0
8266,0
8267,0
8268,0
8269,0
8270,0
8271,0
8272,0
8273,0
8274,0
8275,0
8276,0
8277,0
8278,0
8279,0
8280,0
8281,0
8282,0
8283,0
8284,0
8285,0
8286,0
8287,0
8288,0
8289,0
8290,0
8291,0
8292,0
8293,0
8294,0
8295,0
8296,0
8297,0
8298,0
8299,0
8300,0
8301,0
8302,0
8303,0
8304,0
8305,0
8306,0
8307,0
8308,0
8309,0
8310,0
8311,0
8312,0
8313,0
8314,0
8315,0
8316,0
8317,0
8318,0
8319,0
8320,0
8321,0
8322,0
8323,0
8324,0
8325,0
8326,0
8327,0
8328,0
8329,0
8330,0
8331,0
8332,0
8333,0
8334,0
8335,0
8336,0
8337,0
8338,0
8339,0
8340,0
8341,0
8342,0
8343,0
8344,0
8345,0
8346,0
8347,0
8348,0
8349,0
8350,0
8351,0
8352,0
8353,0
8354,0
8355,0
8356,0
8357,0
8358,0
8359,0
8360,0
8361,0
8362,0
8363,0
8364,0
8365,0
8366,0
8367,0
8368,0
8369,0
8370,0
8371,0
8372,0
8373,0
8374,0
8375,0
8376,0
8377,0
8378,0
8379,0
8380,0
8381,0
8382,0
8383,0
8384,0
8385,0
8386,0
8387,0
8388,0
8389,0
8390,0
8391,0
8392,0
8393,0
8394,0
8395,0
8396,0
8397,0
8398,0
8399,0
8400,0
8401,0
8402,0
8403,0
8404,0
8405,0
8406,0
8407,0
8408,0
8409,0
8410,0
8411,0
8412,0
8413,0
8414,0
8415,0
8416,0
8417,0
8418,0
8419,0
8420,0
8421,0
8422,0
8423,0
8424,0
8425,0
8426,0
8427,0
8428,0
8429,0
8430,0
8431,0
8432,0
8433,0
8434,0
8435,0
8436,0
8437,0
8438,0
8439,0
8440,0
8441,0
8442,0
8443,0
8444,0
8445,0
8446,0
8447,0
8448,0
8449,0
8450,0
8451,0
8452,0
8453,0
8454,0
8455,0
8456,0
8457,0
8458,0
8459,0
8460,0
8461,0
8462,0
8463,0
8464,0
8465,0
8466,0
8467,0
8468,0
8469,0
8470,0
8471,0
8472,0
8473,0
8474,0
8475,0
8476,0
8477,0
8478,0
8479,0
8480,0
8481,0
8482,0
8483,0
8484,0
8485,0
8486,0
8487,0
8488,0
8489,0
8490,0
8491,0
8492,0
8493,0
8494,0
8495,0
8496,0
8497,0
8498,0
8499,0
8500,0
8501,0
8502,0
8503,0
8504,0
8505,0
8506,0
8507,0
8508,0
8509,0
8510,0
8511,0
8512,0
8513,0
8514,0
8515,0
8516,0
8517,0
8518,0
8519,0
8520,0
8521,0
8522,0
8523,0
8524,0
8525,0
8526,0
8527,0
8528,0
8529,0
8530,0
8531,0
8532,0
8533,0
8534,0
8535,0
8536,0
8537,0
8538,0
8539,0
8540,0
8541,0
8542,0
8543,0
8544,0
8545,0
8546,0
8547,0
8548,0
8549,0
8550,0
8551,0
8552,0
8553,0
8554,0
8555,0
8556,0
8557,0
8558,0
8559,0
8560,0
8561,0
8562,0
8563,0
8564,0
8565,0
8566,0
8567,0
8568,0
8569,0
8570,0
8571,0
8572,0
8573,0
8574,0
8575,0
8576,0
8577,0
8578,0
8579,0
8580,0
8581,0
8582,0
8583,0
8584,0
8585,0
8586,0
8587,0
8588,0
8589,0
8590,0
8591,0
8592,0
8593,0
8594,0
8595,0
8596,0
8597,0
8598,0
8599,0
8600,0
8601,0
8602,0
8603,0
8604,0
8605,0
8606,0
8607,0
8608,0
8609,0
8610,0
8611,0
8612,0
8613,0
8614,0
8615,0
8616,0
8617,0
8618,0
8619,0
8620,0
8621,0
8622,0
8623,0
8624,0
8625,0
8626,0
8627,0
8628,0
8629,0
8630,0
8631,0
8632,0
8633,0
8634,0
8635,0
8636,0
8637,0
8638,0
8639,0
8640,0
8641,0
8642,0
8643,0
8644,0
8645,0
8646,0
8647,0
8648,0
8649,0
8650,0
8651,0
8652,0
8653,0
8654,0
8655,0
8656,0
8657,0
8658,0
8659,0
8660,0
8661,0
8662,0
8663,0
8664,0
8665,0
8666,0
8667,0
8668,0
8669,0
8670,0
8671,0
8672,0
8673,0
8674,0
8675,0
8676,0
8677,0
8678,0
8679,0
8680,0
8681,0
8682,0
8683,0
8684,0
8685,0
8686,0
8687,0
8688,0
8689,0
8690,0
8691,0
8692,0
8693,0
8694,0
8695,0
8696,0
8697,0
8698,0
8699,0
8700,0
8701,0
8702,0
8703,0
8704,0
8705,0
8706,0
8707,0
8708,0
8709,0
8710,0
8711,0
8712,0
8713,0
8714,0
8715,0
8716,0
8717,0
8718,0
8719,0
8720,0
8721,0
8722,0
8723,0
8724,0
8725,0
8726,0
8727,0
8728,0
8729,0
8730,0
8731,0
8732,0
8733,0
8734,0
8735,0
8736,0
8737,0
8738,0
8739,0
8740,0
8741,0
8742,0
8743,0
8744,0
8745,0
8746,0
8747,0
8748,0
8749,0
8750,0
8751,0
8752,0
8753,0
8754,0
8755,0
8756,0
8757,0
8758,0
8759,0
8760,0
8761,0
8762,0
8763,0
8764,0
8765,0
8766,0
8767,0
8768,0
8769,0
8770,0
8771,0
8772,0
8773,0
8774,0
8775,0
8776,0
8777,0
8778,0
8779,0
8780,0
8781,0
8782,0
8783,0
8784,0
8785,0
8786,0
8787,0
8788,0
8789,0
8790,0
8791,0
8792,0
8793,0
8794,0
8795,0
8796,0
8797,0
8798,0
8799,0
8800,0
8801,0
8802,0
8803,0
8804,0
8805,0
8806,0
8807,0
8808,0
8809,0
8810,0
8811,0
8812,0
8813,0
8814,0
8815,0
8816,0
8817,0
8818,0
8819,0
8820,0
8821,0
8822,0
8823,0
8824,0
8825,0
8826,0
8827,0
8828,0
8829,0
8830,0
8831,0
8832,0
8833,0
8834,0
8835,0
8836,0
8837,0
8838,0
8839,0
8840,0
8841,0
8842,0
8843,0
8844,0
8845,0
8846,0
8847,0
8848,0
8849,0
8850,0
8851,0
8852,0
8853,0
8854,0
8855,0
8856,0
8857,0
8858,0
8859,0
8860,0
8861,0
8862,0
8863,0
8864,0
8865,0
8866,0
8867,0
8868,0
8869,0
8870,0
8871,0
8872,0
8873,0
8874,0
8875,0
8876,0
8877,0
8878,0
8879,0
8880,0
8881,0
8882,0
8883,0
8884,0
8885,0
8886,0
8887,0
8888,0
8889,0
8890,0
8891,0
8892,0
8893,0
8894,0
8895,0
8896,0
8897,0
8898,0
8899,0
8900,0
8901,0
8902,0
8903,0
8904,0
8905,0
8906,0
8907,0
8908,0
8909,0
8910,0
8911,0
8912,0
8913,0
8914,0
8915,0
8916,0
8917,0
8918,0
8919,0
8920,0
8921,0
8922,0
8923,0
8924,0
8925,0
8926,0
8927,0
8928,0
8929,0
8930,0
8931,0
8932,0
8933,0
8934,0
8935,0
8936,0
8937,0
8938,0
8939,0
8940,0
8941,0
8942,0
8943,0
8944,0
8945,0
8946,0
8947,0
8948,0
8949,0
8950,0
8951,0
8952,0
8953,0
8954,0
8955,0
8956,0
8957,0
8958,0
8959,0
8960,0
8961,0
8962,0
8963,0
8964,0
8965,0
8966,0
8967,0
8968,0
8969,0
8970,0
8971,0
8972,0
8973,0
8974,0
8975,0
8976,0
8977,0
8978,0
8979,0
8980,0
8981,0
8982,0
8983,0
8984,0
8985,0
8986,0
8987,0
8988,0
8989,0
8990,0
8991,0
8992,0
8993,0
8994,0
8995,0
8996,0
8997,0
8998,0
8999,0
9000,0
9001,0
9002,0
9003,0
9004,0
9005,0
9006,0
9007,0
9008,0
9009,0
9010,0
9011,0
9012,0
9013,0
9014,0
9015,0
9016,0
9017,0
9018,0
9019,0
9020,0
9021,0
9022,0
9023,0
9024,0
9025,0
9026,0
9027,0
9028,0
9029,0
9030,0
9031,0
9032,0
9033,0
9034,0
9035,0
9036,0
9037,0
9038,0
9039,0
9040,0
9041,0
9042,0
9043,0
9044,0
9045,0
9046,0
9047,0
9048,0
9049,0
9050,0
9051,0
9052,0
9053,0
9054,0
9055,0
9056,0
9057,0
9058,0
9059,0
9060,0
9061,0
9062,0
9063,0
9064,0
9065,0
9066,0
9067,0
9068,0
9069,0
9070,0
9071,0
9072,0
9073,0
9074,0
9075,0
9076,0
9077,0
9078,0
9079,0
9080,0
9081,0
9082,0
9083,0
9084,0
9085,0
9086,0
9087,0
9088,0
9089,0
9090,0
9091,0
9092,0
9093,0
9094,0
9095,0
9096,0
9097,0
9098,0
9099,0
9100,0
9101,0
9102,0
9103,0
9104,0
9105,0
9106,0
9107,0
9108,0
9109,0
9110,0
9111,0
9112,0
9113,0
9114,0
9115,0
9116,0
9117,0
9118,0
9119,0
9120,0
9121,0
9122,0
9123,0
9124,0
9125,0
9126,0
9127,0
9128,0
9129,0
9130,0
9131,0
9132,0
9133,0
9134,0
9135,0
9136,0
9137,0
9138,0
9139,0
9140,0
9141,0
9142,0
9143,0
9144,0
9145,0
9146,0
9147,0
9148,0
9149,0
9150,0
9151,0
9152,0
9153,0
9154,0
9155,0
9156,0
9157,0
9158,0
9159,0
9160,0
9161,0
9162,0
9163,0
9164,0
9165,0
9166,0
9167,0
9168,0
9169,0
9170,0
9171,0
9172,0
9173,0
9174,0
9175,0
9176,0
9177,0
9178,0
9179,0
9180,0
9181,0
9182,0
9183,0
9184,0
9185,0
9186,0
9187,0
9188,0
9189,0
9190,0
9191,0
9192,0
9193,0
9194,0
9195,0
9196,0
9197,0
9198,0
9199,0
9200,0
9201,0
9202,0
9203,0
9204,0
9205,0
9206,0
9207,0
9208,0
9209,0
9210,0
9211,0
9212,0
9213,0
9214,0
9215,0
9216,0
9217,0
9218,0
9219,0
9220,0
9221,0
9222,0
9223,0
9224,0
9225,0
9226,0
9227,0
9228,0
9229,0
9230,0
9231,0
9232,0
9233,0
9234,0
9235,0
9236,0
9237,0
9238,0
9239,0
9240,0
9241,0
9242,0
9243,0
9244,0
9245,0
9246,0
9247,0
9248,0
9249,0
9250,0
9251,0
9252,0
9253,0
9254,0
9255,0
9256,0
9257,0
9258,0
9259,0
9260,0
9261,0
9262,0
9263,0
9264,0
9265,0
9266,0
9267,0
9268,0
9269,0
9270,0
9271,0
9272,0
9273,0
9274,0
9275,0
9276,0
9277,0
9278,0
9279,0
9280,0
9281,0
9282,0
9283,0
9284,0
9285,0
9286,0
9287,0
9288,0
9289,0
9290,0
9291,0
9292,0
9293,0
9294,0
9295,0
9296,0
9297,0
9298,0
9299,0
9300,0
9301,0
9302,0
9303,0
9304,0
9305,0
9306,0
9307,0
9308,0
9309,0
9310,0
9311,0
9312,0
9313,0
9314,0
9315,0
9316,0
9317,0
9318,0
9319,0
9320,0
9321,0
9322,0
9323,0
9324,0
9325,0
9326,0
9327,0
9328,0
9329,0
9330,0
9331,0
9332,0
9333,0
9334,0
9335,0
9336,0
9337,0
9338,0
9339,0
9340,0
9341,0
9342,0
9343,0
9344,0
9345,0
9346,0
9347,0
9348,0
9349,0
9350,0
9351,0
9352,0
9353,0
9354,0
9355,0
9356,0
9357,0
9358,0
9359,0
9360,0
9361,0
9362,0
9363,0
9364,0
9365,0
9366,0
9367,0
9368,0
9369,0
9370,0
9371,0
9372,0
9373,0
9374,0
9375,0
9376,0
9377,0
9378,0
9379,0
9380,0
9381,0
9382,0
9383,0
9384,0
9385,0
9386,0
9387,0
9388,0
9389,0
9390,0
9391,0
9392,0
9393,0
9394,0
9395,0
9396,0
9397,0
9398,0
9399,0
9400,0
9401,0
9402,0
9403,0
9404,0
9405,0
9406,0
9407,0
9408,0
9409,0
9410,0
9411,0
9412,0
9413,0
9414,0
9415,0
9416,0
9417,0
9418,0
9419,0
9420,0
9421,0
9422,0
9423,0
9424,0
9425,0
9426,0
9427,0
9428,0
9429,0
9430,0
9431,0
9432,0
9433,0
9434,0
9435,0
9436,0
9437,0
9438,0
9439,0
9440,0
9441,0
9442,0
9443,0
9444,0
9445,0
9446,0
9447,0
9448,0
9449,0
9450,0
9451,0
9452,0
9453,0
9454,0
9455,0
9456,0
9457,0
9458,0
9459,0
9460,0
9461,0
9462,0
9463,0
9464,0
9465,0
9466,0
9467,0
9468,0
9469,0
9470,0
9471,0
9472,0
9473,0
9474,0
9475,0
9476,0
9477,0
9478,0
9479,0
9480,0
9481,0
9482,0
9483,0
9484,0
9485,0
9486,0
9487,0
9488,0
9489,0
9490,0
9491,0
9492,0
9493,0
9494,0
9495,0
9496,0
9497,0
9498,0
9499,0
9500,0
9501,0
9502,0
9503,0
9504,0
9505,0
9506,0
9507,0
9508,0
9509,0
9510,0
9511,0
9512,0
9513,0
9514,0
9515,0
9516,0
9517,0
9518,0
9519,0
9520,0
9521,0
9522,0
9523,0
9524,0
9525,0
9526,0
9527,0
9528,0
9529,0
9530,0
9531,0
9532,0
9533,0
9534,0
9535,0
9536,0
9537,0
9538,0
9539,0
9540,0
9541,0
9542,0
9543,0
9544,0
9545,0
9546,0
9547,0
9548,0
9549,0
9550,0
9551,0
9552,0
9553,0
9554,0
9555,0
9556,0
9557,0
9558,0
9559,0
9560,0
9561,0
9562,0
9563,0
9564,0
9565,0
9566,0
9567,0
9568,0
9569,0
9570,0
9571,0
9572,0
9573,0
9574,0
9575,0
9576,0
9577,0
9578,0
9579,0
9580,0
9581,0
9582,0
9583,0
9584,0
9585,0
9586,0
9587,0
9588,0
9589,0
9590,0
9591,0
9592,0
9593,0
9594,0
9595,0
9596,0
9597,0
9598,0
9599,0
9600,0
9601,0
9602,0
9603,0
9604,0
9605,0
9606,0
9607,0
9608,0
9609,0
9610,0
9611,0
9612,0
9613,0
9614,0
9615,0
9616,0
9617,0
9618,0
9619,0
9620,0
9621,0
9622,0
9623,0
9624,0
9625,0
9626,0
9627,0
9628,0
9629,0
9630,0
9631,0
9632,0
9633,0
9634,0
9635,0
9636,0
9637,0
9638,0
9639,0
9640,0
9641,0
9642,0
9643,0
9644,0
9645,0
9646,0
9647,0
9648,0
9649,0
9650,0
9651,0
9652,0
9653,0
9654,0
9655,0
9656,0
9657,0
9658,0
9659,0
9660,0
9661,0
9662,0
9663,0
9664,0
9665,0
9666,0
9667,0
9668,0
9669,0
9670,0
9671,0
9672,0
9673,0
9674,0
9675,0
9676,0
9677,0
9678,0
9679,0
9680,0
9681,0
9682,0
9683,0
9684,0
9685,0
9686,0
9687,0
9688,0
9689,0
9690,0
9691,0
9692,0
9693,0
9694,0
9695,0
9696,0
9697,0
9698,0
9699,0
9700,0
9701,0
9702,0
9703,0
9704,0
9705,0
9706,0
9707,0
9708,0
9709,0
9710,0
9711,0
9712,0
9713,0
9714,0
9715,0
9716,0
9717,0
9718,0
9719,0
9720,0
9721,0
9722,0
9723,0
9724,0
9725,0
9726,0
9727,0
9728,0
9729,0
9730,0
9731,0
9732,0
9733,0
9734,0
9735,0
9736,0
9737,0
9738,0
9739,0
9740,0
9741,0
9742,0
9743,0
9744,0
9745,0
9746,0
9747,0
9748,0
9749,0
9750,0
9751,0
9752,0
9753,0
9754,0
9755,0
9756,0
9757,0
9758,0
9759,0
9760,0
9761,0
9762,0
9763,0
9764,0
9765,0
9766,0
9767,0
9768,0
9769,0
9770,0
9771,0
9772,0
9773,0
9774,0
9775,0
9776,0
9777,0
9778,0
9779,0
9780,0
9781,0
9782,0
9783,0
9784,0
9785,0
9786,0
9787,0
9788,0
9789,0
9790,0
9791,0
9792,0
9793,0
9794,0
9795,0
9796,0
9797,0
9798,0
9799,0
9800,0
9801,0
9802,0
9803,0
9804,0
9805,0
9806,0
9807,0
9808,0
9809,0
9810,0
9811,0
9812,0
9813,0
9814,0
9815,0
9816,0
9817,0
9818,0
9819,0
9820,0
9821,0
9822,0
9823,0
9824,0
9825,0
9826,0
9827,0
9828,0
9829,0
9830,0
9831,0
9832,0
9833,0
9834,0
9835,0
9836,0
9837,0
9838,0
9839,0
9840,0
9841,0
9842,0
9843,0
9844,0
9845,0
9846,0
9847,0
9848,0
9849,0
9850,0
9851,0
9852,0
9853,0
9854,0
9855,0
9856,0
9857,0
9858,0
9859,0
9860,0
9861,0
9862,0
9863,0
9864,0
9865,0
9866,0
9867,0
9868,0
9869,0
9870,0
9871,0
9872,0
9873,0
9874,0
9875,0
9876,0
9877,0
9878,0
9879,0
9880,0
9881,0
9882,0
9883,0
9884,0
9885,0
9886,0
9887,0
9888,0
9889,0
9890,0
9891,0
9892,0
9893,0
9894,0
9895,0
9896,0
9897,0
9898,0
9899,0
9900,0
9901,0
9902,0
9903,0
9904,0
9905,0
9906,0
9907,0
9908,0
9909,0
9910,0
9911,0
9912,0
9913,0
9914,0
9915,0
9916,0
9917,0
9918,0
9919,0
9920,0
9921,0
9922,0
9923,0
9924,0
9925,0
9926,0
9927,0
9928,0
9929,0
9930,0
9931,0
9932,0
9933,0
9934,0
9935,0
9936,0
9937,0
9938,0
9939,0
9940,0
9941,0
9942,0
9943,0
9944,0
9945,0
9946,0
9947,0
9948,0
9949,0
9950,0
9951,0
9952,0
9953,0
9954,0
9955,0
9956,0
9957,0
9958,0
9959,0
9960,0
9961,0
9962,0
9963,0
9964,0
9965,0
9966,0
9967,0
9968,0
9969,0
9970,0
9971,0
9972,0
9973,0
9974,0
9975,0
9976,0
9977,0
9978,0
9979,0
9980,0
9981,0
9982,0
9983,0
9984,0
9985,0
9986,1
9987,1
9988,1
9989,1
9990,1
9991,1
9992,1
9993,1
9994,1
9995,1
9996,1
9997,1
9998,1
9999,1
10000,1
10001,1
10002,1
10003,1
10004,1
10005,1
10006,1
10007,1
10008,1
10009,1
10010,1
10011,1
10012,1
10013,1
10014,1
10015,1
10016,1
10017,1
10018,1
10019,1
10020,1
10021,1
10022,1
10023,1
10024,1
10025,1
10026,1
10027,1
10028,1
10029,1
10030,1
10031,1
10032,1
10033,1
10034,1
10035,1
10036,1
10037,1
10038,1
10039,1
10040,1
10041,1
10042,1
10043,1
10044,1
10045,1
10046,1
10047,1
10048,1
10049,1
10050,1
10051,1
10052,1
10053,1
10054,1
10055,1
10056,1
10057,1
10058,1
10059,1
10060,1
10061,1
10062,1
10063,1
10064,1
10065,1
10066,1
10067,1
10068,1
10069,1
10070,1
10071,1
10072,1
10073,1
10074,1
10075,1
10076,1
10077,1
10078,1
10079,1
10080,1
10081,1
10082,1
10083,1
10084,1
10085,1
10086,1
10087,1
10088,1
10089,1
10090,1
10091,1
10092,1
10093,1
10094,1
10095,1
10096,1
10097,1
10098,1
10099,1
10100,1
10101,1
10102,1
10103,1
10104,1
10105,1
10106,1
10107,1
10108,1
10109,1
10110,1
10111,1
10112,1
10113,1
10114,1
10115,1
10116,1
10117,1
10118,1
10119,1
10120,1
10121,1
10122,1
10123,1
10124,1
10125,1
10126,1
10127,1
10128,1
10129,1
10130,1
10131,1
10132,1
10133,1
10134,1
10135,1
10136,1
10137,1
10138,1
10139,1
10140,1
10141,1
10142,1
10143,1
10144,1
10145,1
10146,1
10147,1
10148,1
10149,1
10150,1
10151,1
10152,1
10153,1
10154,1
10155,1
10156,1
10157,1
10158,1
10159,1
10160,1
10161,1
10162,1
10163,1
10164,1
10165,1
10166,1
10167,1
10168,1
10169,1
10170,1
10171,1
10172,1
10173,1
10174,1
10175,1
10176,1
10177,1
10178,1
10179,1
10180,1
10181,1
10182,1
10183,1
10184,1
10185,1
10186,1
10187,1
10188,1
10189,1
10190,1
10191,1
10192,1
10193,1
10194,1
10195,1
10196,1
10197,1
10198,1
10199,1
10200,1
10201,1
10202,1
10203,1
10204,1
10205,1
10206,1
10207,1
10208,1
10209,1
10210,1
10211,1
10212,1
10213,1
10214,1
10215,1
10216,1
10217,1
10218,1
10219,1
10220,1
10221,1
10222,1
10223,1
10224,1
10225,1
10226,1
10227,1
10228,1
10229,1
10230,1
10231,1
10232,1
10233,1
10234,1
10235,1
10236,1
10237,1
10238,1
10239,1
10240,1
10241,1
10242,1
10243,1
10244,1
10245,1
10246,1
10247,1
10248,1
10249,1
10250,1
10251,1
10252,1
10253,1
10254,1
10255,1
10256,1
10257,1
10258,1
10259,1
10260,1
10261,1
10262,1
10263,1
10264,1
10265,1
10266,1
10267,1
10268,1
10269,1
10270,1
10271,1
10272,1
10273,1
10274,1
10275,1
10276,1
10277,1
10278,1
10279,1
10280,1
10281,1
10282,1
10283,1
10284,1
10285,1
10286,1
10287,1
10288,1
10289,1
10290,1
10291,1
10292,1
10293,1
10294,1
10295,1
10296,1
10297,1
10298,1
10299,1
10300,1
10301,1
10302,1
10303,1
10304,1
10305,1
10306,1
10307,1
10308,1
10309,1
10310,1
10311,1
10312,1
10313,1
10314,1
10315,1
10316,1
10317,1
10318,1
10319,1
10320,1
10321,1
10322,1
10323,1
10324,1
10325,1
10326,1
10327,1
10328,1
10329,1
10330,1
10331,1
10332,1
10333,1
10334,1
10335,1
10336,1
10337,1
10338,1
10339,1
10340,1
10341,1
10342,1
10343,1
10344,1
10345,1
10346,1
10347,1
10348,1
10349,1
10350,1
10351,1
10352,1
10353,1
10354,1
10355,1
10356,1
10357,1
10358,1
10359,1
10360,1
10361,1
10362,1
10363,1
10364,1
10365,1
10366,1
10367,1
10368,1
10369,1
10370,1
10371,1
10372,1
10373,1
10374,1
10375,1
10376,1
10377,1
10378,1
10379,1
10380,1
10381,1
10382,1
10383,1
10384,1
10385,1
10386,1
10387,1
10388,1
10389,1
10390,1
10391,1
10392,1
10393,1
10394,1
10395,1
10396,1
10397,1
10398,1
10399,1
10400,1
10401,1
10402,1
10403,1
10404,1
10405,1
10406,1
10407,1
10408,1
10409,1
10410,1
10411,1
10412,1
10413,1
10414,1
10415,1
10416,1
10417,1
10418,1
10419,1
10420,1
10421,1
10422,1
10423,1
10424,1
10425,1
10426,1
10427,1
10428,1
10429,1
10430,1
10431,1
10432,1
10433,1
10434,1
10435,1
10436,1
10437,1
10438,1
10439,1
10440,1
10441,1
10442,1
10443,1
10444,1
10445,1
10446,1
10447,1
10448,1
10449,1
10450,1
10451,1
10452,1
10453,1
10454,1
10455,1
10456,1
10457,1
10458,1
10459,1
10460,1
10461,1
10462,1
10463,1
10464,1
10465,1
10466,1
10467,1
10468,1
10469,1
10470,1
10471,1
10472,1
10473,1
10474,1
10475,1
10476,1
10477,1
10478,1
10479,1
10480,1
10481,1
10482,1
10483,1
10484,1
10485,1
10486,1
10487,1
10488,1
10489,1
10490,1
10491,1
10492,1
10493,1
10494,1
10495,1
10496,1
10497,1
10498,1
10499,1
10500,1
10501,1
10502,1
10503,1
10504,1
10505,1
10506,1
10507,1
10508,1
10509,1
10510,1
10511,1
10512,1
10513,1
10514,1
10515,1
10516,1
10517,1
10518,1
10519,1
10520,1
10521,1
10522,1
10523,1
10524,1
10525,1
10526,1
10527,1
10528,1
10529,1
10530,1
10531,1
10532,1
10533,1
10534,1
10535,1
10536,1
10537,1
10538,1
10539,1
10540,1
10541,1
10542,1
10543,1
10544,1
10545,1
10546,1
10547,1
10548,1
10549,1
10550,1
10551,1
10552,1
10553,1
10554,1
10555,1
10556,1
10557,1
10558,1
10559,1
10560,1
10561,1
10562,1
10563,1
10564,1
10565,1
10566,1
10567,1
10568,1
10569,1
10570,1
10571,1
10572,1
10573,1
10574,1
10575,1
10576,1
10577,1
10578,1
10579,1
10580,1
10581,1
10582,1
10583,1
10584,1
10585,1
10586,1
10587,1
10588,1
10589,1
10590,1
10591,1
10592,1
10593,1
10594,1
10595,1
10596,1
10597,1
10598,1
10599,1
10600,1
10601,1
10602,1
10603,1
10604,1
10605,1
10606,1
10607,1
10608,1
10609,1
10610,1
10611,1
10612,1
10613,1
10614,1
10615,1
10616,1
10617,1
10618,1
10619,1
10620,1
10621,1
10622,1
10623,1
10624,1
10625,1
10626,1
10627,1
10628,1
10629,1
10630,1
10631,1
10632,1
10633,1
10634,1
10635,1
10636,1
10637,1
10638,1
10639,1
10640,1
10641,1
10642,1
10643,1
10644,1
10645,1
10646,1
10647,1
10648,1
10649,1
10650,1
10651,1
10652,1
10653,1
10654,1
10655,1
10656,1
10657,1
10658,1
10659,1
10660,1
10661,1
10662,1
10663,1
10664,1
10665,1
10666,1
10667,1
10668,1
10669,1
10670,1
10671,1
10672,1
10673,1
10674,1
10675,1
10676,1
10677,1
10678,1
10679,1
10680,1
10681,1
10682,1
10683,1
10684,1
10685,1
10686,1
10687,1
10688,1
10689,1
10690,1
10691,1
10692,1
10693,1
10694,1
10695,1
10696,1
10697,1
10698,1
10699,1
10700,1
10701,1
10702,1
10703,1
10704,1
10705,1
10706,1
10707,1
10708,1
10709,1
10710,1
10711,1
10712,1
10713,1
10714,1
10715,1
10716,1
10717,1
10718,1
10719,1
10720,1
10721,1
10722,1
10723,1
10724,1
10725,1
10726,1
10727,1
10728,1
10729,1
10730,1
10731,1
10732,1
10733,1
10734,1
10735,1
10736,1
10737,1
10738,1
10739,1
10740,1
10741,1
10742,1
10743,1
10744,1
10745,1
10746,1
10747,1
10748,1
10749,1
10750,1
10751,1
10752,1
10753,1
10754,1
10755,1
10756,1
10757,1
10758,1
10759,1
10760,1
10761,1
10762,1
10763,1
10764,1
10765,1
10766,1
10767,1
10768,1
10769,1
10770,1
10771,1
10772,1
10773,1
10774,1
10775,1
10776,1
10777,1
10778,1
10779,1
10780,1
10781,1
10782,1
10783,1
10784,1
10785,1
10786,1
10787,1
10788,1
10789,1
10790,1
10791,1
10792,1
10793,1
10794,1
10795,1
10796,1
10797,1
10798,1
10799,1
10800,1
10801,1
10802,1
10803,1
10804,1
10805,1
10806,1
10807,1
10808,1
10809,1
10810,1
10811,1
10812,1
10813,1
10814,1
10815,1
10816,1
10817,1
10818,1
10819,1
10820,1
10821,1
10822,1
10823,1
10824,1
10825,1
10826,1
10827,1
10828,1
10829,1
10830,1
10831,1
10832,1
10833,1
10834,1
10835,1
10836,1
10837,1
10838,1
10839,1
10840,1
10841,1
10842,1
10843,1
10844,1
10845,1
10846,1
10847,1
10848,1
10849,1
10850,1
10851,1
10852,1
10853,1
10854,1
10855,1
10856,1
10857,1
10858,1
10859,1
10860,1
10861,1
10862,1
10863,1
10864,1
10865,1
10866,1
10867,1
10868,1
10869,1
10870,1
10871,1
10872,1
10873,1
10874,1
10875,1
10876,1
10877,1
10878,1
10879,1
10880,1
10881,1
10882,1
10883,1
10884,1
10885,1
10886,1
10887,1
10888,1
10889,1
10890,1
10891,1
10892,1
10893,1
10894,1
10895,1
10896,1
10897,1
10898,1
10899,1
10900,1
10901,1
10902,1
10903,1
10904,1
10905,1
10906,1
10907,1
10908,1
10909,1
10910,1
10911,1
10912,1
10913,1
10914,1
10915,1
10916,1
10917,1
10918,1
10919,1
10920,1
10921,1
10922,1
10923,1
10924,1
10925,1
10926,1
10927,1
10928,1
10929,1
10930,1
10931,1
10932,1
10933,1
10934,1
10935,1
10936,1
10937,1
10938,1
10939,1
10940,1
10941,1
10942,1
10943,1
10944,1
10945,1
10946,1
10947,1
10948,1
10949,1
10950,1
10951,1
10952,1
10953,1
10954,1
10955,1
10956,1
10957,1
10958,1
10959,1
10960,1
10961,1
10962,1
10963,1
10964,1
10965,1
10966,1
10967,1
10968,1
10969,1
10970,1
10971,1
10972,1
10973,1
10974,1
10975,1
10976,1
10977,1
10978,1
10979,1
10980,1
10981,1
10982,1
10983,1
10984,1
10985,1
10986,1
10987,1
10988,1
10989,1
10990,1
10991,1
10992,1
10993,1
10994,1
10995,1
10996,1
10997,1
10998,1
10999,1
11000,1
11001,1
11002,1
11003,1
11004,1
11005,1
11006,1
11007,1
11008,1
11009,1
11010,1
11011,1
11012,1
11013,1
11014,1
11015,1
11016,1
11017,1
11018,1
11019,1
11020,1
11021,1
11022,1
11023,1
11024,1
11025,1
11026,1
11027,1
11028,1
11029,1
11030,1
11031,1
11032,1
11033,1
11034,1
11035,1
11036,1
11037,1
11038,1
11039,1
11040,1
11041,1
11042,1
11043,1
11044,1
11045,1
11046,1
11047,1
11048,1
11049,1
11050,1
11051,1
11052,1
11053,1
11054,1
11055,1
11056,1
11057,1
11058,1
11059,1
11060,1
11061,1
11062,1
11063,1
11064,1
11065,1
11066,1
11067,1
11068,1
11069,1
11070,1
11071,1
11072,1
11073,1
11074,1
11075,1
11076,1
11077,1
11078,1
11079,1
11080,1
11081,1
11082,1
11083,1
11084,1
11085,1
11086,1
11087,1
11088,1
11089,1
11090,1
11091,1
11092,1
11093,1
11094,1
11095,1
11096,1
11097,1
11098,1
11099,1
11100,1
11101,1
11102,1
11103,1
11104,1
11105,1
11106,1
11107,1
11108,1
11109,1
11110,1
11111,1
11112,1
11113,1
11114,1
11115,1
11116,1
11117,1
11118,1
11119,1
11120,1
11121,1
11122,1
11123,1
11124,1
11125,1
11126,1
11127,1
11128,1
11129,1
11130,1
11131,1
11132,1
11133,1
11134,1
11135,1
11136,1
11137,1
11138,1
11139,1
11140,1
11141,1
11142,1
11143,1
11144,1
11145,1
11146,1
11147,1
11148,1
11149,1
11150,1
11151,1
11152,1
11153,1
11154,1
11155,1
11156,1
11157,1
11158,1
11159,1
11160,1
11161,1
11162,1
11163,1
11164,1
11165,1
11166,1
11167,1
11168,1
11169,1
11170,1
11171,1
11172,1
11173,1
11174,1
11175,1
11176,1
11177,1
11178,1
11179,1
11180,1
11181,1
11182,1
11183,1
11184,1
11185,1
11186,1
11187,1
11188,1
11189,1
11190,1
11191,1
11192,1
11193,1
11194,1
11195,1
11196,1
11197,1
11198,1
11199,1
11200,1
11201,1
11202,1
11203,1
11204,1
11205,1
11206,1
11207,1
11208,1
11209,1
11210,1
11211,1
11212,1
11213,1
11214,1
11215,1
11216,1
11217,1
11218,1
11219,1
11220,1
11221,1
11222,1
11223,1
11224,1
11225,1
11226,1
11227,1
11228,1
11229,1
11230,1
11231,1
11232,1
11233,1
11234,1
11235,1
11236,1
11237,1
11238,1
11239,1
11240,1
11241,1
11242,1
11243,1
11244,1
11245,1
11246,1
11247,1
11248,1
11249,1
11250,1
11251,1
11252,1
11253,1
11254,1
11255,1
11256,1
11257,1
11258,1
11259,1
11260,1
11261,1
11262,1
11263,1
11264,1
11265,1
11266,1
11267,1
11268,1
11269,1
11270,1
11271,1
11272,1
11273,1
11274,1
11275,1
11276,1
11277,1
11278,1
11279,1
11280,1
11281,1
11282,1
11283,1
11284,1
11285,1
11286,1
11287,1
11288,1
11289,1
11290,1
11291,1
11292,1
11293,1
11294,1
11295,1
11296,1
11297,1
11298,1
11299,1
11300,1
11301,1
11302,1
11303,1
11304,1
11305,1
11306,1
11307,1
11308,1
11309,1
11310,1
11311,1
11312,1
11313,1
11314,1
11315,1
11316,1
11317,1
11318,1
11319,1
11320,1
11321,1
11322,1
11323,1
11324,1
11325,1
11326,1
11327,1
11328,1
11329,1
11330,1
11331,1
11332,1
11333,1
11334,1
11335,1
11336,1
11337,1
11338,1
11339,1
11340,1
11341,1
11342,1
11343,1
11344,1
11345,1
11346,1
11347,1
11348,1
11349,1
11350,1
11351,1
11352,1
11353,1
11354,1
11355,1
11356,1
11357,1
11358,1
11359,1
11360,1
11361,1
11362,1
11363,1
11364,1
11365,1
11366,1
11367,1
11368,1
11369,1
11370,1
11371,1
11372,1
11373,1
11374,1
11375,1
11376,1
11377,1
11378,1
11379,1
11380,1
11381,1
11382,1
11383,1
11384,1
11385,1
11386,1
11387,1
11388,1
11389,1
11390,1
11391,1
11392,1
11393,1
11394,1
11395,1
11396,1
11397,1
11398,1
11399,1
11400,1
11401,1
11402,1
11403,1
11404,1
11405,1
11406,1
11407,1
11408,1
11409,1
11410,1
11411,1
11412,1
11413,1
11414,1
11415,1
11416,1
11417,1
11418,1
11419,1
11420,1
11421,1
11422,1
11423,1
11424,1
11425,1
11426,1
11427,1
11428,1
11429,1
11430,1
11431,1
11432,1
11433,1
11434,1
11435,1
11436,1
11437,1
11438,1
11439,1
11440,1
11441,1
11442,1
11443,1
11444,1
11445,1
11446,1
11447,1
11448,1
11449,1
11450,1
11451,1
11452,1
11453,1
11454,1
11455,1
11456,1
11457,1
11458,1
11459,1
11460,1
11461,1
11462,1
11463,1
11464,1
11465,1
11466,1
11467,1
11468,1
11469,1
11470,1
11471,1
11472,1
11473,1
11474,1
11475,1
11476,1
11477,1
11478,1
11479,1
11480,1
11481,1
11482,1
11483,1
11484,1
11485,1
11486,1
11487,1
11488,1
11489,1
11490,1
11491,1
11492,1
11493,1
11494,1
11495,1
11496,1
11497,1
11498,1
11499,1
11500,1
11501,1
11502,1
11503,1
11504,1
11505,1
11506,1
11507,1
11508,1
11509,1
11510,1
11511,1
11512,1
11513,1
11514,1
11515,1
11516,1
11517,1
11518,1
11519,1
11520,1
11521,1
11522,1
11523,1
11524,1
11525,1
11526,1
11527,1
11528,1
11529,1
11530,1
11531,1
11532,1
11533,1
11534,1
11535,1
11536,1
11537,1
11538,1
11539,1
11540,1
11541,1
11542,1
11543,1
11544,1
11545,1
11546,1
11547,1
11548,1
11549,1
11550,1
11551,1
11552,1
11553,1
11554,1
11555,1
11556,1
11557,1
11558,1
11559,1
11560,1
11561,1
11562,1
11563,1
11564,1
11565,1
11566,1
11567,1
11568,1
11569,1
11570,1
11571,1
11572,1
11573,1
11574,1
11575,1
11576,1
11577,1
11578,1
11579,1
11580,1
11581,1
11582,1
11583,1
11584,1
11585,1
11586,1
11587,1
11588,1
11589,1
11590,1
11591,1
11592,1
11593,1
11594,1
11595,1
11596,1
11597,1
11598,1
11599,1
11600,1
11601,1
11602,1
11603,1
11604,1
11605,1
11606,1
11607,1
11608,1
11609,1
11610,1
11611,1
11612,1
11613,1
11614,1
11615,1
11616,1
11617,1
11618,1
11619,1
11620,1
11621,1
11622,1
11623,1
11624,1
11625,1
11626,1
11627,1
11628,1
11629,1
11630,1
11631,1
11632,1
11633,1
11634,1
11635,1
11636,1
11637,1
11638,1
11639,1
11640,1
11641,1
11642,1
11643,1
11644,1
11645,1
11646,1
11647,1
11648,1
11649,1
11650,1
11651,1
11652,1
11653,1
11654,1
11655,1
11656,1
11657,1
11658,1
11659,1
11660,1
11661,1
11662,1
11663,1
11664,1
11665,1
11666,1
11667,1
11668,1
11669,1
11670,1
11671,1
11672,1
11673,1
11674,1
11675,1
11676,1
11677,1
11678,1
11679,1
11680,1
11681,1
11682,1
11683,1
11684,1
11685,1
11686,1
11687,1
11688,1
11689,1
11690,1
11691,1
11692,1
11693,1
11694,1
11695,1
11696,1
11697,1
11698,1
11699,1
11700,1
11701,1
11702,1
11703,1
11704,1
11705,1
11706,1
11707,1
11708,1
11709,1
11710,1
11711,1
11712,1
11713,1
11714,1
11715,1
11716,1
11717,1
11718,1
11719,1
11720,1
11721,1
11722,1
11723,1
11724,1
11725,1
11726,1
11727,1
11728,1
11729,1
11730,1
11731,1
11732,1
11733,1
11734,1
11735,1
11736,1
11737,1
11738,1
11739,1
11740,1
11741,1
11742,1
11743,1
11744,1
11745,1
11746,1
11747,1
11748,1
11749,1
11750,1
11751,1
11752,1
11753,1
11754,1
11755,1
11756,1
11757,1
11758,1
11759,1
11760,1
11761,1
11762,1
11763,1
11764,1
11765,1
11766,1
11767,1
11768,1
11769,1
11770,1
11771,1
11772,1
11773,1
11774,1
11775,1
11776,1
11777,1
11778,1
11779,1
11780,1
11781,1
11782,1
11783,1
11784,1
11785,1
11786,1
11787,1
11788,1
11789,1
11790,1
11791,1
11792,1
11793,1
11794,1
11795,1
11796,1
11797,1
11798,1
11799,1
11800,1
11801,1
11802,1
11803,1
11804,1
11805,1
11806,1
11807,1
11808,1
11809,1
11810,1
11811,1
11812,1
11813,1
11814,1
11815,1
11816,1
11817,1
11818,1
11819,1
11820,1
11821,1
11822,1
11823,1
11824,1
11825,1
11826,1
11827,1
11828,1
11829,1
11830,1
11831,1
11832,1
11833,1
11834,1
11835,1
11836,1
11837,1
11838,1
11839,1
11840,1
11841,1
11842,1
11843,1
11844,1
11845,1
11846,1
11847,1
11848,1
11849,1
11850,1
11851,1
11852,1
11853,1
11854,1
11855,1
11856,1
11857,1
11858,1
11859,1
11860,1
11861,1
11862,1
11863,1
11864,1
11865,1
11866,1
11867,1
11868,1
11869,1
11870,1
11871,1
11872,1
11873,1
11874,1
11875,1
11876,1
11877,1
11878,1
11879,1
11880,1
11881,1
11882,1
11883,1
11884,1
11885,1
11886,1
11887,1
11888,1
11889,1
11890,1
11891,1
11892,1
11893,1
11894,1
11895,1
11896,1
11897,1
11898,1
11899,1
11900,1
11901,1
11902,1
11903,1
11904,1
11905,1
11906,1
11907,1
11908,1
11909,1
11910,1
11911,1
11912,1
11913,1
11914,1
11915,1
11916,1
11917,1
11918,1
11919,1
11920,1
11921,1
11922,1
11923,1
11924,1
11925,1
11926,1
11927,1
11928,1
11929,1
11930,1
11931,1
11932,1
11933,1
11934,1
11935,1
11936,1
11937,1
11938,1
11939,1
11940,1
11941,1
11942,1
11943,1
11944,1
11945,1
11946,1
11947,1
11948,1
11949,1
11950,1
11951,1
11952,1
11953,1
11954,1
11955,1
11956,1
11957,1
11958,1
11959,1
11960,1
11961,1
11962,1
11963,1
11964,1
11965,1
11966,1
11967,1
11968,1
11969,1
11970,1
11971,1
11972,1
11973,1
11974,1
11975,1
11976,1
11977,1
11978,1
11979,1
11980,1
11981,1
11982,1
11983,1
11984,1
11985,1
11986,1
11987,1
11988,1
11989,1
11990,1
11991,1
11992,1
11993,1
11994,1
11995,1
11996,1
11997,1
11998,1
11999,1
12000,1
12001,1
12002,1
12003,1
12004,1
12005,1
12006,1
12007,1
12008,1
12009,1
12010,1
12011,1
12012,1
12013,1
12014,1
12015,1
12016,1
12017,1
12018,1
12019,1
12020,1
12021,1
12022,1
12023,1
12024,1
12025,1
12026,1
12027,1
12028,1
12029,1
12030,1
12031,1
12032,1
12033,1
12034,1
12035,1
12036,1
12037,1
12038,1
12039,1
12040,1
12041,1
12042,1
12043,1
12044,1
12045,1
12046,1
12047,1
12048,1
12049,1
12050,1
12051,1
12052,1
12053,1
12054,1
12055,1
12056,1
12057,1
12058,1
12059,1
12060,1
12061,1
12062,1
12063,1
12064,1
12065,1
12066,1
12067,1
12068,1
12069,1
12070,1
12071,1
12072,1
12073,1
12074,1
12075,1
12076,1
12077,1
12078,1
12079,1
12080,1
12081,1
12082,1
12083,1
12084,1
12085,1
12086,1
12087,1
12088,1
12089,1
12090,1
12091,1
12092,1
12093,1
12094,1
12095,1
12096,1
12097,1
12098,1
12099,1
12100,1
12101,1
12102,1
12103,1
12104,1
12105,1
12106,1
12107,1
12108,1
12109,1
12110,1
12111,1
12112,1
12113,1
12114,1
12115,1
12116,1
12117,1
12118,1
12119,1
12120,1
12121,1
12122,1
12123,1
12124,1
12125,1
12126,1
12127,1
12128,1
12129,1
12130,1
12131,1
12132,1
12133,1
12134,1
12135,1
12136,1
12137,1
12138,1
12139,1
12140,1
12141,1
12142,1
12143,1
12144,1
12145,1
12146,1
12147,1
12148,1
12149,1
12150,1
12151,1
12152,1
12153,1
12154,1
12155,1
12156,1
12157,1
12158,1
12159,1
12160,1
12161,1
12162,1
12163,1
12164,1
12165,1
12166,1
12167,1
12168,1
12169,1
12170,1
12171,1
12172,1
12173,1
12174,1
12175,1
12176,1
12177,1
12178,1
12179,1
12180,1
12181,1
12182,1
12183,1
12184,1
12185,1
12186,1
12187,1
12188,1
12189,1
12190,1
12191,1
12192,1
12193,1
12194,1
12195,1
12196,1
12197,1
12198,1
12199,1
12200,1
12201,1
12202,1
12203,1
12204,1
12205,1
12206,1
12207,1
12208,1
12209,1
12210,1
12211,1
12212,1
12213,1
12214,1
12215,1
12216,1
12217,1
12218,1
12219,1
12220,1
12221,1
12222,1
12223,1
12224,1
12225,1
12226,1
12227,1
12228,1
12229,1
12230,1
12231,1
12232,1
12233,1
12234,1
12235,1
12236,1
12237,1
12238,1
12239,1
12240,1
12241,1
12242,1
12243,1
12244,1
12245,1
12246,1
12247,1
12248,1
12249,1
12250,1
12251,1
12252,1
12253,1
12254,1
12255,1
12256,1
12257,1
12258,1
12259,1
12260,1
12261,1
12262,1
12263,1
12264,1
12265,1
12266,1
12267,1
12268,1
12269,1
12270,1
12271,1
12272,1
12273,1
12274,1
12275,1
12276,1
12277,1
12278,1
12279,1
12280,1
12281,1
12282,1
12283,1
12284,1
12285,1
12286,1
12287,1
12288,1
12289,1
12290,1
12291,1
12292,1
12293,1
12294,1
12295,1
12296,1
12297,1
12298,1
12299,1
12300,1
12301,1
12302,1
12303,1
12304,1
12305,1
12306,1
12307,1
12308,1
12309,1
12310,1
12311,1
12312,1
12313,1
12314,1
12315,1
12316,1
12317,1
12318,1
12319,1
12320,1
12321,1
12322,1
12323,1
12324,1
12325,1
12326,1
12327,1
12328,1
12329,1
12330,1
12331,1
12332,1
12333,1
12334,1
12335,1
12336,1
12337,1
12338,1
12339,1
12340,1
12341,1
12342,1
12343,1
12344,1
12345,1
12346,1
12347,1
12348,1
12349,1
12350,1
12351,1
12352,1
12353,1
12354,1
12355,1
12356,1
12357,1
12358,1
12359,1
12360,1
12361,1
12362,1
12363,1
12364,1
12365,1
12366,1
12367,1
12368,1
12369,1
12370,1
12371,1
12372,1
12373,1
12374,1
12375,1
12376,1
12377,1
12378,1
12379,1
12380,1
12381,1
12382,1
12383,1
12384,1
12385,1
12386,1
12387,1
12388,1
12389,1
12390,1
12391,1
12392,1
12393,1
12394,1
12395,1
12396,1
12397,1
12398,1
12399,1
12400,1
12401,1
12402,1
12403,1
12404,1
12405,1
12406,1
12407,1
12408,1
12409,1
12410,1
12411,1
12412,1
12413,1
12414,1
12415,1
12416,1
12417,1
12418,1
12419,1
12420,1
12421,1
12422,1
12423,1
12424,1
12425,1
12426,1
12427,1
12428,1
12429,1
12430,1
12431,1
12432,1
12433,1
12434,1
12435,1
12436,1
12437,1
12438,1
12439,1
12440,1
12441,1
12442,1
12443,1
12444,1
12445,1
12446,1
12447,1
12448,1
12449,1
12450,1
12451,1
12452,1
12453,1
12454,1
12455,1
12456,1
12457,1
12458,1
12459,1
12460,1
12461,1
12462,1
12463,1
12464,1
12465,1
12466,1
12467,1
12468,1
12469,1
12470,1
12471,1
12472,1
12473,1
12474,1
12475,1
12476,1
12477,1
12478,1
12479,1
12480,1
12481,1
12482,1
12483,1
12484,1
12485,1
12486,1
12487,1
12488,1
12489,1
12490,1
12491,1
12492,1
12493,1
12494,1
12495,1
12496,1
12497,1
12498,1
12499,1
12500,1
12501,1
12502,1
12503,1
12504,1
12505,1
12506,1
12507,1
12508,1
12509,1
12510,1
12511,1
12512,1
12513,1
12514,1
12515,1
12516,1
12517,1
12518,1
12519,1
12520,1
12521,1
12522,1
12523,1
12524,1
12525,1
12526,1
12527,1
12528,1
12529,1
12530,1
12531,1
12532,1
12533,1
12534,1
12535,1
12536,1
12537,1
12538,1
12539,1
12540,1
12541,1
12542,1
12543,1
12544,1
12545,1
12546,1
12547,1
12548,1
12549,1
12550,1
12551,1
12552,1
12553,1
12554,1
12555,1
12556,1
12557,1
12558,1
12559,1
12560,1
12561,1
12562,1
12563,1
12564,1
12565,1
12566,1
12567,1
12568,1
12569,1
12570,1
12571,1
12572,1
12573,1
12574,1
12575,1
12576,1
12577,1
12578,1
12579,1
12580,1
12581,1
12582,1
12583,1
12584,1
12585,1
12586,1
12587,1
12588,1
12589,1
12590,1
12591,1
12592,1
12593,1
12594,1
12595,1
12596,1
12597,1
12598,1
12599,1
12600,1
12601,1
12602,1
12603,1
12604,1
12605,1
12606,1
12607,1
12608,1
12609,1
12610,1
12611,1
12612,1
12613,1
12614,1
12615,1
12616,1
12617,1
12618,1
12619,1
12620,1
12621,1
12622,1
12623,1
12624,1
12625,1
12626,1
12627,1
12628,1
12629,1
12630,1
12631,1
12632,1
12633,1
12634,1
12635,1
12636,1
12637,1
12638,1
12639,1
12640,1
12641,1
12642,1
12643,1
12644,1
12645,1
12646,1
12647,1
12648,1
12649,1
12650,1
12651,1
12652,1
12653,1
12654,1
12655,1
12656,1
12657,1
12658,1
12659,1
12660,1
12661,1
12662,1
12663,1
12664,1
12665,1
12666,1
12667,1
12668,1
12669,1
12670,1
12671,1
12672,1
12673,1
12674,1
12675,1
12676,1
12677,1
12678,1
12679,1
12680,1
12681,1
12682,1
12683,1
12684,1
12685,1
12686,1
12687,1
12688,1
12689,1
12690,1
12691,1
12692,1
12693,1
12694,1
12695,1
12696,1
12697,1
12698,1
12699,1
12700,1
12701,1
12702,1
12703,1
12704,1
12705,1
12706,1
12707,1
12708,1
12709,1
12710,1
12711,1
12712,1
12713,1
12714,1
12715,1
12716,1
12717,1
12718,1
12719,1
12720,1
12721,1
12722,1
12723,1
12724,1
12725,1
12726,1
12727,1
12728,1
12729,1
12730,1
12731,1
12732,1
12733,1
12734,1
12735,1
12736,1
12737,1
12738,1
12739,1
12740,1
12741,1
12742,1
12743,1
12744,1
12745,1
12746,1
12747,1
12748,1
12749,1
12750,1
12751,1
12752,1
12753,1
12754,1
12755,1
12756,1
12757,1
12758,1
12759,1
12760,1
12761,1
12762,1
12763,1
12764,1
12765,1
12766,1
12767,1
12768,1
12769,1
12770,1
12771,1
12772,1
12773,1
12774,1
12775,1
12776,1
12777,1
12778,1
12779,1
12780,1
12781,1
12782,1
12783,1
12784,1
12785,1
12786,1
12787,1
12788,1
12789,1
12790,1
12791,1
12792,1
12793,1
12794,1
12795,1
12796,1
12797,1
12798,1
12799,1
12800,1
12801,1
12802,1
12803,1
12804,1
12805,1
12806,1
12807,1
12808,1
12809,1
12810,1
12811,1
12812,1
12813,1
12814,1
12815,1
12816,1
12817,1
12818,1
12819,1
12820,1
12821,1
12822,1
12823,1
12824,1
12825,1
12826,1
12827,1
12828,1
12829,1
12830,1
12831,1
12832,1
12833,1
12834,1
12835,1
12836,1
12837,1
12838,1
12839,1
12840,1
12841,1
12842,1
12843,1
12844,1
12845,1
12846,1
12847,1
12848,1
12849,1
12850,1
12851,1
12852,1
12853,1
12854,1
12855,1
12856,1
12857,1
12858,1
12859,1
12860,1
12861,1
12862,1
12863,1
12864,1
12865,1
12866,1
12867,1
12868,1
12869,1
12870,1
12871,1
12872,1
12873,1
12874,1
12875,1
12876,1
12877,1
12878,1
12879,1
12880,1
12881,1
12882,1
12883,1
12884,1
12885,1
12886,1
12887,1
12888,1
12889,1
12890,1
12891,1
12892,1
12893,1
12894,1
12895,1
12896,1
12897,1
12898,1
12899,1
12900,1
12901,1
12902,1
12903,1
12904,1
12905,1
12906,1
12907,1
12908,1
12909,1
12910,1
12911,1
12912,1
12913,1
12914,1
12915,1
12916,1
12917,1
12918,1
12919,1
12920,1
12921,1
12922,1
12923,1
12924,1
12925,1
12926,1
12927,1
12928,1
12929,1
12930,1
12931,1
12932,1
12933,1
12934,1
12935,1
12936,1
12937,1
12938,1
12939,1
12940,1
12941,1
12942,1
12943,1
12944,1
12945,1
12946,1
12947,1
12948,1
12949,1
12950,1
12951,1
12952,1
12953,1
12954,1
12955,1
12956,1
12957,1
12958,1
12959,1
12960,1
12961,1
12962,1
12963,1
12964,1
12965,1
12966,1
12967,1
12968,1
12969,1
12970,1
12971,1
12972,1
12973,1
12974,1
12975,1
12976,1
12977,1
12978,1
12979,1
12980,1
12981,1
12982,1
12983,1
12984,1
12985,1
12986,1
12987,1
12988,1
12989,1
12990,1
12991,1
12992,1
12993,1
12994,1
12995,1
12996,1
12997,1
12998,1
12999,1
13000,1
13001,1
13002,1
13003,1
13004,1
13005,1
13006,1
13007,1
13008,1
13009,1
13010,1
13011,1
13012,1
13013,1
13014,1
13015,1
13016,1
13017,1
13018,1
13019,1
13020,1
13021,1
13022,1
13023,1
13024,1
13025,1
13026,1
13027,1
13028,1
13029,1
13030,1
13031,1
13032,1
13033,1
13034,1
13035,1
13036,1
13037,1
13038,1
13039,1
13040,1
13041,1
13042,1
13043,1
13044,1
13045,1
13046,1
13047,1
13048,1
13049,1
13050,1
13051,1
13052,1
13053,1
13054,1
13055,1
13056,1
13057,1
13058,1
13059,1
13060,1
13061,1
13062,1
13063,1
13064,1
13065,1
13066,1
13067,1
13068,1
13069,1
13070,1
13071,1
13072,1
13073,1
13074,1
13075,1
13076,1
13077,1
13078,1
13079,1
13080,1
13081,1
13082,1
13083,1
13084,1
13085,1
13086,1
13087,1
13088,1
13089,1
13090,1
13091,1
13092,1
13093,1
13094,1
13095,1
13096,1
13097,1
13098,1
13099,1
13100,1
13101,1
13102,1
13103,1
13104,1
13105,1
13106,1
13107,1
13108,1
13109,1
13110,1
13111,1
13112,1
13113,1
13114,1
13115,1
13116,1
13117,1
13118,1
13119,1
13120,1
13121,1
13122,1
13123,1
13124,1
13125,1
13126,1
13127,1
13128,1
13129,1
13130,1
13131,1
13132,1
13133,1
13134,1
13135,1
13136,1
13137,1
13138,1
13139,1
13140,1
13141,1
13142,1
13143,1
13144,1
13145,1
13146,1
13147,1
13148,1
13149,1
13150,1
13151,1
13152,1
13153,1
13154,1
13155,1
13156,1
13157,1
13158,1
13159,1
13160,1
13161,1
13162,1
13163,1
13164,1
13165,1
13166,1
13167,1
13168,1
13169,1
13170,1
13171,1
13172,1
13173,1
13174,1
13175,1
13176,1
13177,1
13178,1
13179,1
13180,1
13181,1
13182,1
13183,1
13184,1
13185,1
13186,1
13187,1
13188,1
13189,1
13190,1
13191,1
13192,1
13193,1
13194,1
13195,1
13196,1
13197,1
13198,1
13199,1
13200,1
13201,1
13202,1
13203,1
13204,1
13205,1
13206,1
13207,1
13208,1
13209,1
13210,1
13211,1
13212,1
13213,1
13214,1
13215,1
13216,1
13217,1
13218,1
13219,1
13220,1
13221,1
13222,1
13223,1
13224,1
13225,1
13226,1
13227,1
13228,1
13229,1
13230,1
13231,1
13232,1
13233,1
13234,1
13235,1
13236,1
13237,1
13238,1
13239,1
13240,1
13241,1
13242,1
13243,1
13244,1
13245,1
13246,1
13247,1
13248,1
13249,1
13250,1
13251,1
13252,1
13253,1
13254,1
13255,1
13256,1
13257,1
13258,1
13259,1
13260,1
13261,1
13262,1
13263,1
13264,1
13265,1
13266,1
13267,1
13268,1
13269,1
13270,1
13271,1
13272,1
13273,1
13274,1
13275,1
13276,1
13277,1
13278,1
13279,1
13280,1
13281,1
13282,1
13283,1
13284,1
13285,1
13286,1
13287,1
13288,1
13289,1
13290,1
13291,1
13292,1
13293,1
13294,1
13295,1
13296,1
13297,1
13298,1
13299,1
13300,1
13301,1
13302,1
13303,1
13304,1
13305,1
13306,1
13307,1
13308,1
13309,1
13310,1
13311,1
13312,1
13313,1
13314,1
13315,1
13316,1
13317,1
13318,1
13319,1
13320,1
13321,1
13322,1
13323,1
13324,1
13325,1
13326,1
13327,1
13328,1
13329,1
13330,1
13331,1
13332,1
13333,1
13334,1
13335,1
13336,1
13337,1
13338,1
13339,1
13340,1
13341,1
13342,1
13343,1
13344,1
13345,1
13346,1
13347,1
13348,1
13349,1
13350,1
13351,1
13352,1
13353,1
13354,1
13355,1
13356,1
13357,1
13358,1
13359,1
13360,1
13361,1
13362,1
13363,1
13364,1
13365,1
13366,1
13367,1
13368,1
13369,1
13370,1
13371,1
13372,1
13373,1
13374,1
13375,1
13376,1
13377,1
13378,1
13379,1
13380,1
13381,1
13382,1
13383,1
13384,1
13385,1
13386,1
13387,1
13388,1
13389,1
13390,1
13391,1
13392,1
13393,1
13394,1
13395,1
13396,1
13397,1
13398,1
13399,1
13400,1
13401,1
13402,1
13403,1
13404,1
13405,1
13406,1
13407,1
13408,1
13409,1
13410,1
13411,1
13412,1
13413,1
13414,1
13415,1
13416,1
13417,1
13418,1
13419,1
13420,1
13421,1
13422,1
13423,1
13424,1
13425,1
13426,1
13427,1
13428,1
13429,1
13430,1
13431,1
13432,1
13433,1
13434,1
13435,1
13436,1
13437,1
13438,1
13439,1
13440,1
13441,1
13442,1
13443,1
13444,1
13445,1
13446,1
13447,1
13448,1
13449,1
13450,1
13451,1
13452,1
13453,1
13454,1
13455,1
13456,1
13457,1
13458,1
13459,1
13460,1
13461,1
13462,1
13463,1
13464,1
13465,1
13466,1
13467,1
13468,1
13469,1
13470,1
13471,1
13472,1
13473,1
13474,1
13475,1
13476,1
13477,1
13478,1
13479,1
13480,1
13481,1
13482,1
13483,1
13484,1
13485,1
13486,1
13487,1
13488,1
13489,1
13490,1
13491,1
13492,1
13493,1
13494,1
13495,1
13496,1
13497,1
13498,1
13499,1
13500,1
13501,1
13502,1
13503,1
13504,1
13505,1
13506,1
13507,1
13508,1
13509,1
13510,1
13511,1
13512,1
13513,1
13514,1
13515,1
13516,1
13517,1
13518,1
13519,1
13520,1
13521,1
13522,1
13523,1
13524,1
13525,1
13526,1
13527,1
13528,1
13529,1
13530,1
13531,1
13532,1
13533,1
13534,1
13535,1
13536,1
13537,1
13538,1
13539,1
13540,1
13541,1
13542,1
13543,1
13544,1
13545,1
13546,1
13547,1
13548,1
13549,1
13550,1
13551,1
13552,1
13553,1
13554,1
13555,1
13556,1
13557,1
13558,1
13559,1
13560,1
13561,1
13562,1
13563,1
13564,1
13565,1
13566,1
13567,1
13568,1
13569,1
13570,1
13571,1
13572,1
13573,1
13574,1
13575,1
13576,1
13577,1
13578,1
13579,1
13580,1
13581,1
13582,1
13583,1
13584,1
13585,1
13586,1
13587,1
13588,1
13589,1
13590,1
13591,1
13592,1
13593,1
13594,1
13595,1
13596,1
13597,1
13598,1
13599,1
13600,1
13601,1
13602,1
13603,1
13604,1
13605,1
13606,1
13607,1
13608,1
13609,1
13610,1
13611,1
13612,1
13613,1
13614,1
13615,1
13616,1
13617,1
13618,1
13619,1
13620,1
13621,1
13622,1
13623,1
13624,1
13625,1
13626,1
13627,1
13628,1
13629,1
13630,1
13631,1
13632,1
13633,1
13634,1
13635,1
13636,1
13637,1
13638,1
13639,1
13640,1
13641,1
13642,1
13643,1
13644,1
13645,1
13646,1
13647,1
13648,1
13649,1
13650,1
13651,1
13652,1
13653,1
13654,1
13655,1
13656,1
13657,1
13658,1
13659,1
13660,1
13661,1
13662,1
13663,1
13664,1
13665,1
13666,1
13667,1
13668,1
13669,1
13670,1
13671,1
13672,1
13673,1
13674,1
13675,1
13676,1
13677,1
13678,1
13679,1
13680,1
13681,1
13682,1
13683,1
13684,1
13685,1
13686,1
13687,1
13688,1
13689,1
13690,1
13691,1
13692,1
13693,1
13694,1
13695,1
13696,1
13697,1
13698,1
13699,1
13700,1
13701,1
13702,1
13703,1
13704,1
13705,1
13706,1
13707,1
13708,1
13709,1
13710,1
13711,1
13712,1
13713,1
13714,1
13715,1
13716,1
13717,1
13718,1
13719,1
13720,1
13721,1
13722,1
13723,1
13724,1
13725,1
13726,1
13727,1
13728,1
13729,1
13730,1
13731,1
13732,1
13733,1
13734,1
13735,1
13736,1
13737,1
13738,1
13739,1
13740,1
13741,1
13742,1
13743,1
13744,1
13745,1
13746,1
13747,1
13748,1
13749,1
13750,1
13751,1
13752,1
13753,1
13754,1
13755,1
13756,1
13757,1
13758,1
13759,1
13760,1
13761,1
13762,1
13763,1
13764,1
13765,1
13766,1
13767,1
13768,1
13769,1
13770,1
13771,1
13772,1
13773,1
13774,1
13775,1
13776,1
13777,1
13778,1
13779,1
13780,1
13781,1
13782,1
13783,1
13784,1
13785,1
13786,1
13787,1
13788,1
13789,1
13790,1
13791,1
13792,1
13793,1
13794,1
13795,1
13796,1
13797,1
13798,1
13799,1
13800,1
13801,1
13802,1
13803,1
13804,1
13805,1
13806,1
13807,1
13808,1
13809,1
13810,1
13811,1
13812,1
13813,1
13814,1
13815,1
13816,1
13817,1
13818,1
13819,1
13820,1
13821,1
13822,1
13823,1
13824,1
13825,1
13826,1
13827,1
13828,1
13829,1
13830,1
13831,1
13832,1
13833,1
13834,1
13835,1
13836,1
13837,1
13838,1
13839,1
13840,1
13841,1
13842,1
13843,1
13844,1
13845,1
13846,1
13847,1
13848,1
13849,1
13850,1
13851,1
13852,1
13853,1
13854,1
13855,1
13856,1
13857,1
13858,1
13859,1
13860,1
13861,1
13862,1
13863,1
13864,1
13865,1
13866,1
13867,1
13868,1
13869,1
13870,1
13871,1
13872,1
13873,1
13874,1
13875,1
13876,1
13877,1
13878,1
13879,1
13880,1
13881,1
13882,1
13883,1
13884,1
13885,1
13886,1
13887,1
13888,1
13889,1
13890,1
13891,1
13892,1
13893,1
13894,1
13895,1
13896,1
13897,1
13898,1
13899,1
13900,1
13901,1
13902,1
13903,1
13904,1
13905,1
13906,1
13907,1
13908,1
13909,1
13910,1
13911,1
13912,1
13913,1
13914,1
13915,1
13916,1
13917,1
13918,1
13919,1
13920,1
13921,1
13922,1
13923,1
13924,1
13925,1
13926,1
13927,1
13928,1
13929,1
13930,1
13931,1
13932,1
13933,1
13934,1
13935,1
13936,1
13937,1
13938,1
13939,1
13940,1
13941,1
13942,1
13943,1
13944,1
13945,1
13946,1
13947,1
13948,1
13949,1
13950,1
13951,1
13952,1
13953,1
13954,1
13955,1
13956,1
13957,1
13958,1
13959,1
13960,1
13961,1
13962,1
13963,1
13964,1
13965,1
13966,1
13967,1
13968,1
13969,1
13970,1
13971,1
13972,1
13973,1
13974,1
13975,1
13976,1
13977,1
13978,1
13979,1
13980,1
13981,1
13982,1
13983,1
13984,1
13985,1
13986,1
13987,1
13988,1
13989,1
13990,1
13991,1
13992,1
13993,1
13994,1
13995,1
13996,1
13997,1
13998,1
13999,1
14000,1
14001,1
14002,1
14003,1
14004,1
14005,1
14006,1
14007,1
14008,1
14009,1
14010,1
14011,1
14012,1
14013,1
14014,1
14015,1
14016,1
14017,1
14018,1
14019,1
14020,1
14021,1
14022,1
14023,1
14024,1
14025,1
14026,1
14027,1
14028,1
14029,1
14030,1
14031,1
14032,1
14033,1
14034,1
14035,1
14036,1
14037,1
14038,1
14039,1
14040,1
14041,1
14042,1
14043,1
14044,1
14045,1
14046,1
14047,1
14048,1
14049,1
14050,1
14051,1
14052,1
14053,1
14054,1
14055,1
14056,1
14057,1
14058,1
14059,1
14060,1
14061,1
14062,1
14063,1
14064,1
14065,1
14066,1
14067,1
14068,1
14069,1
14070,1
14071,1
14072,1
14073,1
14074,1
14075,1
14076,1
14077,1
14078,1
14079,1
14080,1
14081,1
14082,1
14083,1
14084,1
14085,1
14086,1
14087,1
14088,1
14089,1
14090,1
14091,1
14092,1
14093,1
14094,1
14095,1
14096,1
14097,1
14098,1
14099,1
14100,1
14101,1
14102,1
14103,1
14104,1
14105,1
14106,1
14107,1
14108,1
14109,1
14110,1
14111,1
14112,1
14113,1
14114,1
14115,1
14116,1
14117,1
14118,1
14119,1
14120,1
14121,1
14122,1
14123,1
14124,1
14125,1
14126,1
14127,1
14128,1
14129,1
14130,1
14131,1
14132,1
14133,1
14134,1
14135,1
14136,1
14137,1
14138,1
14139,1
14140,1
14141,1
14142,1
14143,1
14144,1
14145,1
14146,1
14147,1
14148,1
14149,1
14150,1
14151,1
14152,1
14153,1
14154,1
14155,1
14156,1
14157,1
14158,1
14159,1
14160,1
14161,1
14162,1
14163,1
14164,1
14165,1
14166,1
14167,1
14168,1
14169,1
14170,1
14171,1
14172,1
14173,1
14174,1
14175,1
14176,1
14177,1
14178,1
14179,1
14180,1
14181,1
14182,1
14183,1
14184,1
14185,1
14186,1
14187,1
14188,1
14189,1
14190,1
14191,1
14192,1
14193,1
14194,1
14195,1
14196,1
14197,1
14198,1
14199,1
14200,1
14201,1
14202,1
14203,1
14204,1
14205,1
14206,1
14207,1
14208,1
14209,1
14210,1
14211,1
14212,1
14213,1
14214,1
14215,1
14216,1
14217,1
14218,1
14219,1
14220,1
14221,1
14222,1
14223,1
14224,1
14225,1
14226,1
14227,1
14228,1
14229,1
14230,1
14231,1
14232,1
14233,1
14234,1
14235,1
14236,1
14237,1
14238,1
14239,1
14240,1
14241,1
14242,1
14243,1
14244,1
14245,1
14246,1
14247,1
14248,1
14249,1
14250,1
14251,1
14252,1
14253,1
14254,1
14255,1
14256,1
14257,1
14258,1
14259,1
14260,1
14261,1
14262,1
14263,1
14264,1
14265,1
14266,1
14267,1
14268,1
14269,1
14270,1
14271,1
14272,1
14273,1
14274,1
14275,1
14276,1
14277,1
14278,1
14279,1
14280,1
14281,1
14282,1
14283,1
14284,1
14285,1
14286,1
14287,1
14288,1
14289,1
14290,1
14291,1
14292,1
14293,1
14294,1
14295,1
14296,1
14297,1
14298,1
14299,1
14300,1
14301,1
14302,1
14303,1
14304,1
14305,1
14306,1
14307,1
14308,1
14309,1
14310,1
14311,1
14312,1
14313,1
14314,1
14315,1
14316,1
14317,1
14318,1
14319,1
14320,1
14321,1
14322,1
14323,1
14324,1
14325,1
14326,1
14327,1
14328,1
14329,1
14330,1
14331,1
14332,1
14333,1
14334,1
14335,1
14336,1
14337,1
14338,1
14339,1
14340,1
14341,1
14342,1
14343,1
14344,1
14345,1
14346,1
14347,1
14348,1
14349,1
14350,1
14351,1
14352,1
14353,1
14354,1
14355,1
14356,1
14357,1
14358,1
14359,1
14360,1
14361,1
14362,1
14363,1
14364,1
14365,1
14366,1
14367,1
14368,1
14369,1
14370,1
14371,1
14372,1
14373,1
14374,1
14375,1
14376,1
14377,1
14378,1
14379,1
14380,1
14381,1
14382,1
14383,1
14384,1
14385,1
14386,1
14387,1
14388,1
14389,1
14390,1
14391,1
14392,1
14393,1
14394,1
14395,1
14396,1
14397,1
14398,1
14399,1
14400,1
14401,1
14402,1
14403,1
14404,1
14405,1
14406,1
14407,1
14408,1
14409,1
14410,1
14411,1
14412,1
14413,1
14414,1
14415,1
14416,1
14417,1
14418,1
14419,1
14420,1
14421,1
14422,1
14423,1
14424,1
14425,1
14426,1
14427,1
14428,1
14429,1
14430,1
14431,1
14432,1
14433,1
14434,1
14435,1
14436,1
14437,1
14438,1
14439,1
14440,1
14441,1
14442,1
14443,1
14444,1
14445,1
14446,1
14447,1
14448,1
14449,1
14450,1
14451,1
14452,1
14453,1
14454,1
14455,1
14456,1
14457,1
14458,1
14459,1
14460,1
14461,1
14462,1
14463,1
14464,1
14465,1
14466,1
14467,1
14468,1
14469,1
14470,1
14471,1
14472,1
14473,1
14474,1
14475,1
14476,1
14477,1
14478,1
14479,1
14480,1
14481,1
14482,1
14483,1
14484,1
14485,1
14486,1
14487,1
14488,1
14489,1
14490,1
14491,1
14492,1
14493,1
14494,1
14495,1
14496,1
14497,1
14498,1
14499,1
14500,1
14501,1
14502,1
14503,1
14504,1
14505,1
14506,1
14507,1
14508,1
14509,1
14510,1
14511,1
14512,1
14513,1
14514,1
14515,1
14516,1
14517,1
14518,1
14519,1
14520,1
14521,1
14522,1
14523,1
14524,1
14525,1
14526,1
14527,1
14528,1
14529,1
14530,1
14531,1
14532,1
14533,1
14534,1
14535,1
14536,1
14537,1
14538,1
14539,1
14540,1
14541,1
14542,1
14543,1
14544,1
14545,1
14546,1
14547,1
14548,1
14549,1
14550,1
14551,1
14552,1
14553,1
14554,1
14555,1
14556,1
14557,1
14558,1
14559,1
14560,1
14561,1
14562,1
14563,1
14564,1
14565,1
14566,1
14567,1
14568,1
14569,1
14570,1
14571,1
14572,1
14573,1
14574,1
14575,1
14576,1
14577,1
14578,1
14579,1
14580,1
14581,1
14582,1
14583,1
14584,1
14585,1
14586,1
14587,1
14588,1
14589,1
14590,1
14591,1
14592,1
14593,1
14594,1
14595,1
14596,1
14597,1
14598,1
14599,1
14600,1
14601,1
14602,1
14603,1
14604,1
14605,1
14606,1
14607,1
14608,1
14609,1
14610,1
14611,1
14612,1
14613,1
14614,1
14615,1
14616,1
14617,1
14618,1
14619,1
14620,1
14621,1
14622,1
14623,1
14624,1
14625,1
14626,1
14627,1
14628,1
14629,1
14630,1
14631,1
14632,1
14633,1
14634,1
14635,1
14636,1
14637,1
14638,1
14639,1
14640,1
14641,1
14642,1
14643,1
14644,1
14645,1
14646,1
14647,1
14648,1
14649,1
14650,1
14651,1
14652,1
14653,1
14654,1
14655,1
14656,1
14657,1
14658,1
14659,1
14660,1
14661,1
14662,1
14663,1
14664,1
14665,1
14666,1
14667,1
14668,1
14669,1
14670,1
14671,1
14672,1
14673,1
14674,1
14675,1
14676,1
14677,1
14678,1
14679,1
14680,1
14681,1
14682,1
14683,1
14684,1
14685,1
14686,1
14687,1
14688,1
14689,1
14690,1
14691,1
14692,1
14693,1
14694,1
14695,1
14696,1
14697,1
14698,1
14699,1
14700,1
14701,1
14702,1
14703,1
14704,1
14705,1
14706,1
14707,1
14708,1
14709,1
14710,1
14711,1
14712,1
14713,1
14714,1
14715,1
14716,1
14717,1
14718,1
14719,1
14720,1
14721,1
14722,1
14723,1
14724,1
14725,1
14726,1
14727,1
14728,1
14729,1
14730,1
14731,1
14732,1
14733,1
14734,1
14735,1
14736,1
14737,1
14738,1
14739,1
14740,1
14741,1
14742,1
14743,1
14744,1
14745,1
14746,1
14747,1
14748,1
14749,1
14750,1
14751,1
14752,1
14753,1
14754,1
14755,1
14756,1
14757,1
14758,1
14759,1
14760,1
14761,1
14762,1
14763,1
14764,1
14765,1
14766,1
14767,1
14768,1
14769,1
14770,1
14771,1
14772,1
14773,1
14774,1
14775,1
14776,1
14777,1
14778,1
14779,1
14780,1
14781,1
14782,1
14783,1
14784,1
14785,1
14786,1
14787,1
14788,1
14789,1
14790,1
14791,1
14792,1
14793,1
14794,1
14795,1
14796,1
14797,1
14798,1
14799,1
14800,1
14801,1
14802,1
14803,1
14804,1
14805,1
14806,1
14807,1
14808,1
14809,1
14810,1
14811,1
14812,1
14813,1
14814,1
14815,1
14816,1
14817,1
14818,1
14819,1
14820,1
14821,1
14822,1
14823,1
14824,1
14825,1
14826,1
14827,1
14828,1
14829,1
14830,1
14831,1
14832,1
14833,1
14834,1
14835,1
14836,1
14837,1
14838,1
14839,1
14840,1
14841,1
14842,1
14843,1
14844,1
14845,1
14846,1
14847,1
14848,1
14849,1
14850,1
14851,1
14852,1
14853,1
14854,1
14855,1
14856,1
14857,1
14858,1
14859,1
14860,1
14861,1
14862,1
14863,1
14864,1
14865,1
14866,1
14867,1
14868,1
14869,1
14870,1
14871,1
14872,1
14873,1
14874,1
14875,1
14876,1
14877,1
14878,1
14879,1
14880,1
14881,1
14882,1
14883,1
14884,1
14885,1
14886,1
14887,1
14888,1
14889,1
14890,1
14891,1
14892,1
14893,1
14894,1
14895,1
14896,1
14897,1
14898,1
14899,1
14900,1
14901,1
14902,1
14903,1
14904,1
14905,1
14906,1
14907,1
14908,1
14909,1
14910,1
14911,1
14912,1
14913,1
14914,1
14915,1
14916,1
14917,1
14918,1
14919,1
14920,1
14921,1
14922,1
14923,1
14924,1
14925,1
14926,1
14927,1
14928,1
14929,1
14930,1
14931,1
14932,1
14933,1
14934,1
14935,1
14936,1
14937,1
14938,1
14939,1
14940,1
14941,1
14942,1
14943,1
14944,1
14945,1
14946,1
14947,1
14948,1
14949,1
14950,1
14951,1
14952,1
14953,1
14954,1
14955,1
14956,1
14957,1
14958,1
14959,1
14960,1
14961,1
14962,1
14963,1
14964,1
14965,1
14966,1
14967,1
14968,1
14969,1
14970,1
14971,1
14972,1
14973,1
14974,1
14975,1
14976,1
14977,1
14978,1
14979,1
14980,1
14981,1
14982,1
14983,1
14984,1
14985,1
14986,1
14987,1
14988,1
14989,1
14990,1
14991,1
14992,1
14993,1
14994,1
14995,1
14996,1
14997,1
14998,1
14999,1
15000,1
15001,1
15002,1
15003,1
15004,1
15005,1
15006,1
15007,1
15008,1
15009,1
15010,1
15011,1
15012,1
15013,1
15014,1
15015,1
15016,1
15017,1
15018,1
15019,1
15020,1
15021,1
15022,1
15023,1
15024,1
15025,1
15026,1
15027,1
15028,1
15029,1
15030,1
15031,1
15032,1
15033,1
15034,1
15035,1
15036,1
15037,1
15038,1
15039,1
15040,1
15041,1
15042,1
15043,1
15044,1
15045,1
15046,1
15047,1
15048,1
15049,1
15050,1
15051,1
15052,1
15053,1
15054,1
15055,1
15056,1
15057,1
15058,1
15059,1
15060,1
15061,1
15062,1
15063,1
15064,1
15065,1
15066,1
15067,1
15068,1
15069,1
15070,1
15071,1
15072,1
15073,1
15074,1
15075,1
15076,1
15077,1
15078,1
15079,1
15080,1
15081,1
15082,1
15083,1
15084,1
15085,1
15086,1
15087,1
15088,1
15089,1
15090,1
15091,1
15092,1
15093,1
15094,1
15095,1
15096,1
15097,1
15098,1
15099,1
15100,1
15101,1
15102,1
15103,1
15104,1
15105,1
15106,1
15107,1
15108,1
15109,1
15110,1
15111,1
15112,1
15113,1
15114,1
15115,1
15116,1
15117,1
15118,1
15119,1
15120,1
15121,1
15122,1
15123,1
15124,1
15125,1
15126,1
15127,1
15128,1
15129,1
15130,1
15131,1
15132,1
15133,1
15134,1
15135,1
15136,1
15137,1
15138,1
15139,1
15140,1
15141,1
15142,1
15143,1
15144,1
15145,1
15146,1
15147,1
15148,1
15149,1
15150,1
15151,1
15152,1
15153,1
15154,1
15155,1
15156,1
15157,1
15158,1
15159,1
15160,1
15161,1
15162,1
15163,1
15164,1
15165,1
15166,1
15167,1
15168,1
15169,1
15170,1
15171,1
15172,1
15173,1
15174,1
15175,1
15176,1
15177,1
15178,1
15179,1
15180,1
15181,1
15182,1
15183,1
15184,1
15185,1
15186,1
15187,1
15188,1
15189,1
15190,1
15191,1
15192,1
15193,1
15194,1
15195,1
15196,1
15197,1
15198,1
15199,1
15200,1
15201,1
15202,1
15203,1
15204,1
15205,1
15206,1
15207,1
15208,1
15209,1
15210,1
15211,1
15212,1
15213,1
15214,1
15215,1
15216,1
15217,1
15218,1
15219,1
15220,1
15221,1
15222,1
15223,1
15224,1
15225,1
15226,1
15227,1
15228,1
15229,1
15230,1
15231,1
15232,1
15233,1
15234,1
15235,1
15236,1
15237,1
15238,1
15239,1
15240,1
15241,1
15242,1
15243,1
15244,1
15245,1
15246,1
15247,1
15248,1
15249,1
15250,1
15251,1
15252,1
15253,1
15254,1
15255,1
15256,1
15257,1
15258,1
15259,1
15260,1
15261,1
15262,1
15263,1
15264,1
15265,1
15266,1
15267,1
15268,1
15269,1
15270,1
15271,1
15272,1
15273,1
15274,1
15275,1
15276,1
15277,1
15278,1
15279,1
15280,1
15281,1
15282,1
15283,1
15284,1
15285,1
15286,1
15287,1
15288,1
15289,1
15290,1
15291,1
15292,1
15293,1
15294,1
15295,1
15296,1
15297,1
15298,1
15299,1
15300,1
15301,1
15302,1
15303,1
15304,1
15305,1
15306,1
15307,1
15308,1
15309,1
15310,1
15311,1
15312,1
15313,1
15314,1
15315,1
15316,1
15317,1
15318,1
15319,1
15320,1
15321,1
15322,1
15323,1
15324,1
15325,1
15326,1
15327,1
15328,1
15329,1
15330,1
15331,1
15332,1
15333,1
15334,1
15335,1
15336,1
15337,1
15338,1
15339,1
15340,1
15341,1
15342,1
15343,1
15344,1
15345,1
15346,1
15347,1
15348,1
15349,1
15350,1
15351,1
15352,1
15353,1
15354,1
15355,1
15356,1
15357,1
15358,1
15359,1
15360,1
15361,1
15362,1
15363,1
15364,1
15365,1
15366,1
15367,1
15368,1
15369,1
15370,1
15371,1
15372,1
15373,1
15374,1
15375,1
15376,1
15377,1
15378,1
15379,1
15380,1
15381,1
15382,1
15383,1
15384,1
15385,1
15386,1
15387,1
15388,1
15389,1
15390,1
15391,1
15392,1
15393,1
15394,1
15395,1
15396,1
15397,1
15398,1
15399,1
15400,1
15401,1
15402,1
15403,1
15404,1
15405,1
15406,1
15407,1
15408,1
15409,1
15410,1
15411,1
15412,1
15413,1
15414,1
15415,1
15416,1
15417,1
15418,1
15419,1
15420,1
15421,1
15422,1
15423,1
15424,1
15425,1
15426,1
15427,1
15428,1
15429,1
15430,1
15431,1
15432,1
15433,1
15434,1
15435,1
15436,1
15437,1
15438,1
15439,1
15440,1
15441,1
15442,1
15443,1
15444,1
15445,1
15446,1
15447,1
15448,1
15449,1
15450,1
15451,1
15452,1
15453,1
15454,1
15455,1
15456,1
15457,1
15458,1
15459,1
15460,1
15461,1
15462,1
15463,1
15464,1
15465,1
15466,1
15467,1
15468,1
15469,1
15470,1
15471,1
15472,1
15473,1
15474,1
15475,1
15476,1
15477,1
15478,1
15479,1
15480,1
15481,1
15482,1
15483,1
15484,1
15485,1
15486,1
15487,1
15488,1
15489,1
15490,1
15491,1
15492,1
15493,1
15494,1
15495,1
15496,1
15497,1
15498,1
15499,1
15500,1
15501,1
15502,1
15503,1
15504,1
15505,1
15506,1
15507,1
15508,1
15509,1
15510,1
15511,1
15512,1
15513,1
15514,1
15515,1
15516,1
15517,1
15518,1
15519,1
15520,1
15521,1
15522,1
15523,1
15524,1
15525,1
15526,1
15527,1
15528,1
15529,1
15530,1
15531,1
15532,1
15533,1
15534,1
15535,1
15536,1
15537,1
15538,1
15539,1
15540,1
15541,1
15542,1
15543,1
15544,1
15545,1
15546,1
15547,1
15548,1
15549,1
15550,1
15551,1
15552,1
15553,1
15554,1
15555,1
15556,1
15557,1
15558,1
15559,1
15560,1
15561,1
15562,1
15563,1
15564,1
15565,1
15566,1
15567,1
15568,1
15569,1
15570,1
15571,1
15572,1
15573,1
15574,1
15575,1
15576,1
15577,1
15578,1
15579,1
15580,1
15581,1
15582,1
15583,1
15584,1
15585,1
15586,1
15587,1
15588,1
15589,1
15590,1
15591,1
15592,1
15593,1
15594,1
15595,1
15596,1
15597,1
15598,1
15599,1
15600,1
15601,1
15602,1
15603,1
15604,1
15605,1
15606,1
15607,1
15608,1
15609,1
15610,1
15611,1
15612,1
15613,1
15614,1
15615,1
15616,1
15617,1
15618,1
15619,1
15620,1
15621,1
15622,1
15623,1
15624,1
15625,1
15626,1
15627,1
15628,1
15629,1
15630,1
15631,1
15632,1
15633,1
15634,1
15635,1
15636,1
15637,1
15638,1
15639,1
15640,1
15641,1
15642,1
15643,1
15644,1
15645,1
15646,1
15647,1
15648,1
15649,1
15650,1
15651,1
15652,1
15653,1
15654,1
15655,1
15656,1
15657,1
15658,1
15659,1
15660,1
15661,1
15662,1
15663,1
15664,1
15665,1
15666,1
15667,1
15668,1
15669,1
15670,1
15671,1
15672,1
15673,1
15674,1
15675,1
15676,1
15677,1
15678,1
15679,1
15680,1
15681,1
15682,1
15683,1
15684,1
15685,1
15686,1
15687,1
15688,1
15689,1
15690,1
15691,1
15692,1
15693,1
15694,1
15695,1
15696,1
15697,1
15698,1
15699,1
15700,1
15701,1
15702,1
15703,1
15704,1
15705,1
15706,1
15707,1
15708,1
15709,1
15710,1
15711,1
15712,1
15713,1
15714,1
15715,1
15716,1
15717,1
15718,1
15719,1
15720,1
15721,1
15722,1
15723,1
15724,1
15725,1
15726,1
15727,1
15728,1
15729,1
15730,1
15731,1
15732,1
15733,1
15734,1
15735,1
15736,1
15737,1
15738,1
15739,1
15740,1
15741,1
15742,1
15743,1
15744,1
15745,1
15746,1
15747,1
15748,1
15749,1
15750,1
15751,1
15752,1
15753,1
15754,1
15755,1
15756,1
15757,1
15758,1
15759,1
15760,1
15761,1
15762,1
15763,1
15764,1
15765,1
15766,1
15767,1
15768,1
15769,1
15770,1
15771,1
15772,1
15773,1
15774,1
15775,1
15776,1
15777,1
15778,1
15779,1
15780,1
15781,1
15782,1
15783,1
15784,1
15785,1
15786,1
15787,1
15788,1
15789,1
15790,1
15791,1
15792,1
15793,1
15794,1
15795,1
15796,1
15797,1
15798,1
15799,1
15800,1
15801,1
15802,1
15803,1
15804,1
15805,1
15806,1
15807,1
15808,1
15809,1
15810,1
15811,1
15812,1
15813,1
15814,1
15815,1
15816,1
15817,1
15818,1
15819,1
15820,1
15821,1
15822,1
15823,1
15824,1
15825,1
15826,1
15827,1
15828,1
15829,1
15830,1
15831,1
15832,1
15833,1
15834,1
15835,1
15836,1
15837,1
15838,1
15839,1
15840,1
15841,1
15842,1
15843,1
15844,1
15845,1
15846,1
15847,1
15848,1
15849,1
15850,1
15851,1
15852,1
15853,1
15854,1
15855,1
15856,1
15857,1
15858,1
15859,1
15860,1
15861,1
15862,1
15863,1
15864,1
15865,1
15866,1
15867,1
15868,1
15869,1
15870,1
15871,1
15872,1
15873,1
15874,1
15875,1
15876,1
15877,1
15878,1
15879,1
15880,1
15881,1
15882,1
15883,1
15884,1
15885,1
15886,1
15887,1
15888,1
15889,1
15890,1
15891,1
15892,1
15893,1
15894,1
15895,1
15896,1
15897,1
15898,1
15899,1
15900,1
15901,1
15902,1
15903,1
15904,1
15905,1
15906,1
15907,1
15908,1
15909,1
15910,1
15911,1
15912,1
15913,1
15914,1
15915,1
15916,1
15917,1
15918,1
15919,1
15920,1
15921,1
15922,1
15923,1
15924,1
15925,1
15926,1
15927,1
15928,1
15929,1
15930,1
15931,1
15932,1
15933,1
15934,1
15935,1
15936,1
15937,1
15938,1
15939,1
15940,1
15941,1
15942,1
15943,1
15944,1
15945,1
15946,1
15947,1
15948,1
15949,1
15950,1
15951,1
15952,1
15953,1
15954,1
15955,1
15956,1
15957,1
15958,1
15959,1
15960,1
15961,1
15962,1
15963,1
15964,1
15965,1
15966,1
15967,1
15968,1
15969,1
15970,1
15971,1
15972,1
15973,1
15974,1
15975,1
15976,1
15977,1
15978,1
15979,1
15980,1
15981,1
15982,1
15983,1
15984,1
15985,1
15986,1
15987,1
15988,1
15989,1
15990,1
15991,1
15992,1
15993,1
15994,1
15995,1
15996,1
15997,1
15998,1
15999,1
16000,1
16001,1
16002,1
16003,1
16004,1
16005,1
16006,1
16007,1
16008,1
16009,1
16010,1
16011,1
16012,1
16013,1
16014,1
16015,1
16016,1
16017,1
16018,1
16019,1
16020,1
16021,1
16022,1
16023,1
16024,1
16025,1
16026,1
16027,1
16028,1
16029,1
16030,1
16031,1
16032,1
16033,1
16034,1
16035,1
16036,1
16037,1
16038,1
16039,1
16040,1
16041,1
16042,1
16043,1
16044,1
16045,1
16046,1
16047,1
16048,1
16049,1
16050,1
16051,1
16052,1
16053,1
16054,1
16055,1
16056,1
16057,1
16058,1
16059,1
16060,1
16061,1
16062,1
16063,1
16064,1
16065,1
16066,1
16067,1
16068,1
16069,1
16070,1
16071,1
16072,1
16073,1
16074,1
16075,1
16076,1
16077,1
16078,1
16079,1
16080,1
16081,1
16082,1
16083,1
16084,1
16085,1
16086,1
16087,1
16088,1
16089,1
16090,1
16091,1
16092,1
16093,1
16094,1
16095,1
16096,1
16097,1
16098,1
16099,1
16100,1
16101,1
16102,1
16103,1
16104,1
16105,1
16106,1
16107,1
16108,1
16109,1
16110,1
16111,1
16112,1
16113,1
16114,1
16115,1
16116,1
16117,1
16118,1
16119,1
16120,1
16121,1
16122,1
16123,1
16124,1
16125,1
16126,1
16127,1
16128,1
16129,1
16130,1
16131,1
16132,1
16133,1
16134,1
16135,1
16136,1
16137,1
16138,1
16139,1
16140,1
16141,1
16142,1
16143,1
16144,1
16145,1
16146,1
16147,1
16148,1
16149,1
16150,1
16151,1
16152,1
16153,1
16154,1
16155,1
16156,1
16157,1
16158,1
16159,1
16160,1
16161,1
16162,1
16163,1
16164,1
16165,1
16166,1
16167,1
16168,1
16169,1
16170,1
16171,1
16172,1
16173,1
16174,1
16175,1
16176,1
16177,1
16178,1
16179,1
16180,1
16181,1
16182,1
16183,1
16184,1
16185,1
16186,1
16187,1
16188,1
16189,1
16190,1
16191,1
16192,1
16193,1
16194,1
16195,1
16196,1
16197,1
16198,1
16199,1
16200,1
16201,1
16202,1
16203,1
16204,1
16205,1
16206,1
16207,1
16208,1
16209,1
16210,1
16211,1
16212,1
16213,1
16214,1
16215,1
16216,1
16217,1
16218,1
16219,1
16220,1
16221,1
16222,1
16223,1
16224,1
16225,1
16226,1
16227,1
16228,1
16229,1
16230,1
16231,1
16232,1
16233,1
16234,1
16235,1
16236,1
16237,1
16238,1
16239,1
16240,1
16241,1
16242,1
16243,1
16244,1
16245,1
16246,1
16247,1
16248,1
16249,1
16250,1
16251,1
16252,1
16253,1
16254,1
16255,1
16256,1
16257,1
16258,1
16259,1
16260,1
16261,1
16262,1
16263,1
16264,1
16265,1
16266,1
16267,1
16268,1
16269,1
16270,1
16271,1
16272,1
16273,1
16274,1
16275,1
16276,1
16277,1
16278,1
16279,1
16280,1
16281,1
16282,1
16283,1
16284,1
16285,1
16286,1
16287,1
16288,1
16289,1
16290,1
16291,1
16292,1
16293,1
16294,1
16295,1
16296,1
16297,1
16298,1
16299,1
16300,1
16301,1
16302,1
16303,1
16304,1
16305,1
16306,1
16307,1
16308,1
16309,1
16310,1
16311,1
16312,1
16313,1
16314,1
16315,1
16316,1
16317,1
16318,1
16319,1
16320,1
16321,1
16322,1
16323,1
16324,1
16325,1
16326,1
16327,1
16328,1
16329,1
16330,1
16331,1
16332,1
16333,1
16334,1
16335,1
16336,1
16337,1
16338,1
16339,1
16340,1
16341,1
16342,1
16343,1
16344,1
16345,1
16346,1
16347,1
16348,1
16349,1
16350,1
16351,1
16352,1
16353,1
16354,1
16355,1
16356,1
16357,1
16358,1
16359,1
16360,1
16361,1
16362,1
16363,1
16364,1
16365,1
16366,1
16367,1
16368,1
16369,1
16370,1
16371,1
16372,1
16373,1
16374,1
16375,1
16376,1
16377,1
16378,1
16379,1
16380,1
16381,1
16382,1
16383,1
16384,1
16385,1
16386,1
16387,1
16388,1
16389,1
16390,1
16391,1
16392,1
16393,1
16394,1
16395,1
16396,1
16397,1
16398,1
16399,1
16400,1
16401,1
16402,1
16403,1
16404,1
16405,1
16406,1
16407,1
16408,1
16409,1
16410,1
16411,1
16412,1
16413,1
16414,1
16415,1
16416,1
16417,1
16418,1
16419,1
16420,1
16421,1
16422,1
16423,1
16424,1
16425,1
16426,1
16427,1
16428,1
16429,1
16430,1
16431,1
16432,1
16433,1
16434,1
16435,1
16436,1
16437,1
16438,1
16439,1
16440,1
16441,1
16442,1
16443,1
16444,1
16445,1
16446,1
16447,1
16448,1
16449,1
16450,1
16451,1
16452,1
16453,1
16454,1
16455,1
16456,1
16457,1
16458,1
16459,1
16460,1
16461,1
16462,1
16463,1
16464,1
16465,1
16466,1
16467,1
16468,1
16469,1
16470,1
16471,1
16472,1
16473,1
16474,1
16475,1
16476,1
16477,1
16478,1
16479,1
16480,1
16481,1
16482,1
16483,1
16484,1
16485,1
16486,1
16487,1
16488,1
16489,1
16490,1
16491,1
16492,1
16493,1
16494,1
16495,1
16496,1
16497,1
16498,1
16499,1
16500,1
16501,1
16502,1
16503,1
16504,1
16505,1
16506,1
16507,1
16508,1
16509,1
16510,1
16511,1
16512,1
16513,1
16514,1
16515,1
16516,1
16517,1
16518,1
16519,1
16520,1
16521,1
16522,1
16523,1
16524,1
16525,1
16526,1
16527,1
16528,1
16529,1
16530,1
16531,1
16532,1
16533,1
16534,1
16535,1
16536,1
16537,1
16538,1
16539,1
16540,1
16541,1
16542,1
16543,1
16544,1
16545,1
16546,1
16547,1
16548,1
16549,1
16550,1
16551,1
16552,1
16553,1
16554,1
16555,1
16556,1
16557,1
16558,1
16559,1
16560,1
16561,1
16562,1
16563,1
16564,1
16565,1
16566,1
16567,1
16568,1
16569,1
16570,1
16571,1
16572,1
16573,1
16574,1
16575,1
16576,1
16577,1
16578,1
16579,1
16580,1
16581,1
16582,1
16583,1
16584,1
16585,1
16586,1
16587,1
16588,1
16589,1
16590,1
16591,1
16592,1
16593,1
16594,1
16595,1
16596,1
16597,1
16598,1
16599,1
16600,1
16601,1
16602,1
16603,1
16604,1
16605,1
16606,1
16607,1
16608,1
16609,1
16610,1
16611,1
16612,1
16613,1
16614,1
16615,1
16616,1
16617,1
16618,1
16619,1
16620,1
16621,1
16622,1
16623,1
16624,1
16625,1
16626,1
16627,1
16628,1
16629,1
16630,1
16631,1
16632,1
16633,1
16634,1
16635,1
16636,1
16637,1
16638,1
16639,1
16640,1
16641,1
16642,1
16643,1
16644,1
16645,1
16646,1
16647,1
16648,1
16649,1
16650,1
16651,1
16652,1
16653,1
16654,1
16655,1
16656,1
16657,1
16658,1
16659,1
16660,1
16661,1
16662,1
16663,1
16664,1
16665,1
16666,1
16667,1
16668,1
16669,1
16670,1
16671,1
16672,1
16673,1
16674,1
16675,1
16676,1
16677,1
16678,1
16679,1
16680,1
16681,1
16682,1
16683,1
16684,1
16685,1
16686,1
16687,1
16688,1
16689,1
16690,1
16691,1
16692,1
16693,1
16694,1
16695,1
16696,1
16697,1
16698,1
16699,1
16700,1
16701,1
16702,1
16703,1
16704,1
16705,1
16706,1
16707,1
16708,1
16709,1
16710,1
16711,1
16712,1
16713,1
16714,1
16715,1
16716,1
16717,1
16718,1
16719,1
16720,1
16721,1
16722,1
16723,1
16724,1
16725,1
16726,1
16727,1
16728,1
16729,1
16730,1
16731,1
16732,1
16733,1
16734,1
16735,1
16736,1
16737,1
16738,1
16739,1
16740,1
16741,1
16742,1
16743,1
16744,1
16745,1
16746,1
16747,1
16748,1
16749,1
16750,1
16751,1
16752,1
16753,1
16754,1
16755,1
16756,1
16757,1
16758,1
16759,1
16760,1
16761,1
16762,1
16763,1
16764,1
16765,1
16766,1
16767,1
16768,1
16769,1
16770,1
16771,1
16772,1
16773,1
16774,1
16775,1
16776,1
16777,1
16778,1
16779,1
16780,1
16781,1
16782,1
16783,1
16784,1
16785,1
16786,1
16787,1
16788,1
16789,1
16790,1
16791,1
16792,1
16793,1
16794,1
16795,1
16796,1
16797,1
16798,1
16799,1
16800,1
16801,1
16802,1
16803,1
16804,1
16805,1
16806,1
16807,1
16808,1
16809,1
16810,1
16811,1
16812,1
16813,1
16814,1
16815,1
16816,1
16817,1
16818,1
16819,1
16820,1
16821,1
16822,1
16823,1
16824,1
16825,1
16826,1
16827,1
16828,1
16829,1
16830,1
16831,1
16832,1
16833,1
16834,1
16835,1
16836,1
16837,1
16838,1
16839,1
16840,1
16841,1
16842,1
16843,1
16844,1
16845,1
16846,1
16847,1
16848,1
16849,1
16850,1
16851,1
16852,1
16853,1
16854,1
16855,1
16856,1
16857,1
16858,1
16859,1
16860,1
16861,1
16862,1
16863,1
16864,1
16865,1
16866,1
16867,1
16868,1
16869,1
16870,1
16871,1
16872,1
16873,1
16874,1
16875,1
16876,1
16877,1
16878,1
16879,1
16880,1
16881,1
16882,1
16883,1
16884,1
16885,1
16886,1
16887,1
16888,1
16889,1
16890,1
16891,1
16892,1
16893,1
16894,1
16895,1
16896,1
16897,1
16898,1
16899,1
16900,1
16901,1
16902,1
16903,1
16904,1
16905,1
16906,1
16907,1
16908,1
16909,1
16910,1
16911,1
16912,1
16913,1
16914,1
16915,1
16916,1
16917,1
16918,1
16919,1
16920,1
16921,1
16922,1
16923,1
16924,1
16925,1
16926,1
16927,1
16928,1
16929,1
16930,1
16931,1
16932,1
16933,1
16934,1
16935,1
16936,1
16937,1
16938,1
16939,1
16940,1
16941,1
16942,1
16943,1
16944,1
16945,1
16946,1
16947,1
16948,1
16949,1
16950,1
16951,1
16952,1
16953,1
16954,1
16955,1
16956,1
16957,1
16958,1
16959,1
16960,1
16961,1
16962,1
16963,1
16964,1
16965,1
16966,1
16967,1
16968,1
16969,1
16970,1
16971,1
16972,1
16973,1
16974,1
16975,1
16976,1
16977,1
16978,1
16979,1
16980,1
16981,1
16982,1
16983,1
16984,1
16985,1
16986,1
16987,1
16988,1
16989,1
16990,1
16991,1
16992,1
16993,1
16994,1
16995,1
16996,1
16997,1
16998,1
16999,1
17000,1
17001,1
17002,1
17003,1
17004,1
17005,1
17006,1
17007,1
17008,1
17009,1
17010,1
17011,1
17012,1
17013,1
17014,1
17015,1
17016,1
17017,1
17018,1
17019,1
17020,1
17021,1
17022,1
17023,1
17024,1
17025,1
17026,1
17027,1
17028,1
17029,1
17030,1
17031,1
17032,1
17033,1
17034,1
17035,1
17036,1
17037,1
17038,1
17039,1
17040,1
17041,1
17042,1
17043,1
17044,1
17045,1
17046,1
17047,1
17048,1
17049,1
17050,1
17051,1
17052,1
17053,1
17054,1
17055,1
17056,1
17057,1
17058,1
17059,1
17060,1
17061,1
17062,1
17063,1
17064,1
17065,1
17066,1
17067,1
17068,1
17069,1
17070,1
17071,1
17072,1
17073,1
17074,1
17075,1
17076,1
17077,1
17078,1
17079,1
17080,1
17081,1
17082,1
17083,1
17084,1
17085,1
17086,1
17087,1
17088,1
17089,1
17090,1
17091,1
17092,1
17093,1
17094,1
17095,1
17096,1
17097,1
17098,1
17099,1
17100,1
17101,1
17102,1
17103,1
17104,1
17105,1
17106,1
17107,1
17108,1
17109,1
17110,1
17111,1
17112,1
17113,1
17114,1
17115,1
17116,1
17117,1
17118,1
17119,1
17120,1
17121,1
17122,1
17123,1
17124,1
17125,1
17126,1
17127,1
17128,1
17129,1
17130,1
17131,1
17132,1
17133,1
17134,1
17135,1
17136,1
17137,1
17138,1
17139,1
17140,1
17141,1
17142,1
17143,1
17144,1
17145,1
17146,1
17147,1
17148,1
17149,1
17150,1
17151,1
17152,1
17153,1
17154,1
17155,1
17156,1
17157,1
17158,1
17159,1
17160,1
17161,1
17162,1
17163,1
17164,1
17165,1
17166,1
17167,1
17168,1
17169,1
17170,1
17171,1
17172,1
17173,1
17174,1
17175,1
17176,1
17177,1
17178,1
17179,1
17180,1
17181,1
17182,1
17183,1
17184,1
17185,1
17186,1
17187,1
17188,1
17189,1
17190,1
17191,1
17192,1
17193,1
17194,1
17195,1
17196,1
17197,1
17198,1
17199,1
17200,1
17201,1
17202,1
17203,1
17204,1
17205,1
17206,1
17207,1
17208,1
17209,1
17210,1
17211,1
17212,1
17213,1
17214,1
17215,1
17216,1
17217,1
17218,1
17219,1
17220,1
17221,1
17222,1
17223,1
17224,1
17225,1
17226,1
17227,1
17228,1
17229,1
17230,1
17231,1
17232,1
17233,1
17234,1
17235,1
17236,1
17237,1
17238,1
17239,1
17240,1
17241,1
17242,1
17243,1
17244,1
17245,1
17246,1
17247,1
17248,1
17249,1
17250,1
17251,1
17252,1
17253,1
17254,1
17255,1
17256,1
17257,1
17258,1
17259,1
17260,1
17261,1
17262,1
17263,1
17264,1
17265,1
17266,1
17267,1
17268,1
17269,1
17270,1
17271,1
17272,1
17273,1
17274,1
17275,1
17276,1
17277,1
17278,1
17279,1
17280,1
17281,1
17282,1
17283,1
17284,1
17285,1
17286,1
17287,1
17288,1
17289,1
17290,1
17291,1
17292,1
17293,1
17294,1
17295,1
17296,1
17297,1
17298,1
17299,1
17300,1
17301,1
17302,1
17303,1
17304,1
17305,1
17306,1
17307,1
17308,1
17309,1
17310,1
17311,1
17312,1
17313,1
17314,1
17315,1
17316,1
17317,1
17318,1
17319,1
17320,1
17321,1
17322,1
17323,1
17324,1
17325,1
17326,1
17327,1
17328,1
17329,1
17330,1
17331,1
17332,1
17333,1
17334,1
17335,1
17336,1
17337,1
17338,1
17339,1
17340,1
17341,1
17342,1
17343,1
17344,1
17345,1
17346,1
17347,1
17348,1
17349,1
17350,1
17351,1
17352,1
17353,1
17354,1
17355,1
17356,1
17357,1
17358,1
17359,1
17360,1
17361,1
17362,1
17363,1
17364,1
17365,1
17366,1
17367,1
17368,1
17369,1
17370,1
17371,1
17372,1
17373,1
17374,1
17375,1
17376,1
17377,1
17378,1
17379,1
17380,1
17381,1
17382,1
17383,1
17384,1
17385,1
17386,1
17387,1
17388,1
17389,1
17390,1
17391,1
17392,1
17393,1
17394,1
17395,1
17396,1
17397,1
17398,1
17399,1
17400,1
17401,1
17402,1
17403,1
17404,1
17405,1
17406,1
17407,1
17408,1
17409,1
17410,1
17411,1
17412,1
17413,1
17414,1
17415,1
17416,1
17417,1
17418,1
17419,1
17420,1
17421,1
17422,1
17423,1
17424,1
17425,1
17426,1
17427,1
17428,1
17429,1
17430,1
17431,1
17432,1
17433,1
17434,1
17435,1
17436,1
17437,1
17438,1
17439,1
17440,1
17441,1
17442,1
17443,1
17444,1
17445,1
17446,1
17447,1
17448,1
17449,1
17450,1
17451,1
17452,1
17453,1
17454,1
17455,1
17456,1
17457,1
17458,1
17459,1
17460,1
17461,1
17462,1
17463,1
17464,1
17465,1
17466,1
17467,1
17468,1
17469,1
17470,1
17471,1
17472,1
17473,1
17474,1
17475,1
17476,1
17477,1
17478,1
17479,1
17480,1
17481,1
17482,1
17483,1
17484,1
17485,1
17486,1
17487,1
17488,1
17489,1
17490,1
17491,1
17492,1
17493,1
17494,1
17495,1
17496,1
17497,1
17498,1
17499,1
17500,1
17501,1
17502,1
17503,1
17504,1
17505,1
17506,1
17507,1
17508,1
17509,1
17510,1
17511,1
17512,1
17513,1
17514,1
17515,1
17516,1
17517,1
17518,1
17519,1
17520,1
17521,1
17522,1
17523,1
17524,1
17525,1
17526,1
17527,1
17528,1
17529,1
17530,1
17531,1
17532,1
17533,1
17534,1
17535,1
17536,1
17537,1
17538,1
17539,1
17540,1
17541,1
17542,1
17543,1
17544,1
17545,1
17546,1
17547,1
17548,1
17549,1
17550,1
17551,1
17552,1
17553,1
17554,1
17555,1
17556,1
17557,1
17558,1
17559,1
17560,1
17561,1
17562,1
17563,1
17564,1
17565,1
17566,1
17567,1
17568,1
17569,1
17570,1
17571,1
17572,1
17573,1
17574,1
17575,1
17576,1
17577,1
17578,1
17579,1
17580,1
17581,1
17582,1
17583,1
17584,1
17585,1
17586,1
17587,1
17588,1
17589,1
17590,1
17591,1
17592,1
17593,1
17594,1
17595,1
17596,1
17597,1
17598,1
17599,1
17600,1
17601,1
17602,1
17603,1
17604,1
17605,1
17606,1
17607,1
17608,1
17609,1
17610,1
17611,1
17612,1
17613,1
17614,1
17615,1
17616,1
17617,1
17618,1
17619,1
17620,1
17621,1
17622,1
17623,1
17624,1
17625,1
17626,1
17627,1
17628,1
17629,1
17630,1
17631,1
17632,1
17633,1
17634,1
17635,1
17636,1
17637,1
17638,1
17639,1
17640,1
17641,1
17642,1
17643,1
17644,1
17645,1
17646,1
17647,1
17648,1
17649,1
17650,1
17651,1
17652,1
17653,1
17654,1
17655,1
17656,1
17657,1
17658,1
17659,1
17660,1
17661,1
17662,1
17663,1
17664,1
17665,1
17666,1
17667,1
17668,1
17669,1
17670,1
17671,1
17672,1
17673,1
17674,1
17675,1
17676,1
17677,1
17678,1
17679,1
17680,1
17681,1
17682,1
17683,1
17684,1
17685,1
17686,1
17687,1
17688,1
17689,1
17690,1
17691,1
17692,1
17693,1
17694,1
17695,1
17696,1
17697,1
17698,1
17699,1
17700,1
17701,1
17702,1
17703,1
17704,1
17705,1
17706,1
17707,1
17708,1
17709,1
17710,1
17711,1
17712,1
17713,1
17714,1
17715,1
17716,1
17717,1
17718,1
17719,1
17720,1
17721,1
17722,1
17723,1
17724,1
17725,1
17726,1
17727,1
17728,1
17729,1
17730,1
17731,1
17732,1
17733,1
17734,1
17735,1
17736,1
17737,1
17738,1
17739,1
17740,1
17741,1
17742,1
17743,1
17744,1
17745,1
17746,1
17747,1
17748,1
17749,1
17750,1
17751,1
17752,1
17753,1
17754,1
17755,1
17756,1
17757,1
17758,1
17759,1
17760,1
17761,1
17762,1
17763,1
17764,1
17765,1
17766,1
17767,1
17768,1
17769,1
17770,1
17771,1
17772,1
17773,1
17774,1
17775,1
17776,1
17777,1
17778,1
17779,1
17780,1
17781,1
17782,1
17783,1
17784,1
17785,1
17786,1
17787,1
17788,1
17789,1
17790,1
17791,1
17792,1
17793,1
17794,1
17795,1
17796,1
17797,1
17798,1
17799,1
17800,1
17801,1
17802,1
17803,1
17804,1
17805,1
17806,1
17807,1
17808,1
17809,1
17810,1
17811,1
17812,1
17813,1
17814,1
17815,1
17816,1
17817,1
17818,1
17819,1
17820,1
17821,1
17822,1
17823,1
17824,1
17825,1
17826,1
17827,1
17828,1
17829,1
17830,1
17831,1
17832,1
17833,1
17834,1
17835,1
17836,1
17837,1
17838,1
17839,1
17840,1
17841,1
17842,1
17843,1
17844,1
17845,1
17846,1
17847,1
17848,1
17849,1
17850,1
17851,1
17852,1
17853,1
17854,1
17855,1
17856,1
17857,1
17858,1
17859,1
17860,1
17861,1
17862,1
17863,1
17864,1
17865,1
17866,1
17867,1
17868,1
17869,1
17870,1
17871,1
17872,1
17873,1
17874,1
17875,1
17876,1
17877,1
17878,1
17879,1
17880,1
17881,1
17882,1
17883,1
17884,1
17885,1
17886,1
17887,1
17888,1
17889,1
17890,1
17891,1
17892,1
17893,1
17894,1
17895,1
17896,1
17897,1
17898,1
17899,1
17900,1
17901,1
17902,1
17903,1
17904,1
17905,1
17906,1
17907,1
17908,1
17909,1
17910,1
17911,1
17912,1
17913,1
17914,1
17915,1
17916,1
17917,1
17918,1
17919,1
17920,1
17921,1
17922,1
17923,1
17924,1
17925,1
17926,1
17927,1
17928,1
17929,1
17930,1
17931,1
17932,1
17933,1
17934,1
17935,1
17936,1
17937,1
17938,1
17939,1
17940,1
17941,1
17942,1
17943,1
17944,1
17945,1
17946,1
17947,1
17948,1
17949,1
17950,1
17951,1
17952,1
17953,1
17954,1
17955,1
17956,1
17957,1
17958,1
17959,1
17960,1
17961,1
17962,1
17963,1
17964,1
17965,1
17966,1
17967,1
17968,1
17969,1
17970,1
17971,1
17972,1
17973,1
17974,1
17975,1
17976,1
17977,1
17978,1
17979,1
17980,1
17981,1
17982,1
17983,1
17984,1
17985,1
17986,1
17987,1
17988,1
17989,1
17990,1
17991,1
17992,1
17993,1
17994,1
17995,1
17996,1
17997,1
17998,1
17999,1
18000,1
18001,1
18002,1
18003,1
18004,1
18005,1
18006,1
18007,1
18008,1
18009,1
18010,1
18011,1
18012,1
18013,1
18014,1
18015,1
18016,1
18017,1
18018,1
18019,1
18020,1
18021,1
18022,1
18023,1
18024,1
18025,1
18026,1
18027,1
18028,1
18029,1
18030,1
18031,1
18032,1
18033,1
18034,1
18035,1
18036,1
18037,1
18038,1
18039,1
18040,1
18041,1
18042,1
18043,1
18044,1
18045,1
18046,1
18047,1
18048,1
18049,1
18050,1
18051,1
18052,1
18053,1
18054,1
18055,1
18056,1
18057,1
18058,1
18059,1
18060,1
18061,1
18062,1
18063,1
18064,1
18065,1
18066,1
18067,1
18068,1
18069,1
18070,1
18071,1
18072,1
18073,1
18074,1
18075,1
18076,1
18077,1
18078,1
18079,1
18080,1
18081,1
18082,1
18083,1
18084,1
18085,1
18086,1
18087,1
18088,1
18089,1
18090,1
18091,1
18092,1
18093,1
18094,1
18095,1
18096,1
18097,1
18098,1
18099,1
18100,1
18101,1
18102,1
18103,1
18104,1
18105,1
18106,1
18107,1
18108,1
18109,1
18110,1
18111,1
18112,1
18113,1
18114,1
18115,1
18116,1
18117,1
18118,1
18119,1
18120,1
18121,1
18122,1
18123,1
18124,1
18125,1
18126,1
18127,1
18128,1
18129,1
18130,1
18131,1
18132,1
18133,1
18134,1
18135,1
18136,1
18137,1
18138,1
18139,1
18140,1
18141,1
18142,1
18143,1
18144,1
18145,1
18146,1
18147,1
18148,1
18149,1
18150,1
18151,1
18152,1
18153,1
18154,1
18155,1
18156,1
18157,1
18158,1
18159,1
18160,1
18161,1
18162,1
18163,1
18164,1
18165,1
18166,1
18167,1
18168,1
18169,1
18170,1
18171,1
18172,1
18173,1
18174,1
18175,1
18176,1
18177,1
18178,1
18179,1
18180,1
18181,1
18182,1
18183,1
18184,1
18185,1
18186,1
18187,1
18188,1
18189,1
18190,1
18191,1
18192,1
18193,1
18194,1
18195,1
18196,1
18197,1
18198,1
18199,1
18200,1
18201,1
18202,1
18203,1
18204,1
18205,1
18206,1
18207,1
18208,1
18209,1
18210,1
18211,1
18212,1
18213,1
18214,1
18215,1
18216,1
18217,1
18218,1
18219,1
18220,1
18221,1
18222,1
18223,1
18224,1
18225,1
18226,1
18227,1
18228,1
18229,1
18230,1
18231,1
18232,1
18233,1
18234,1
18235,1
18236,1
18237,1
18238,1
18239,1
18240,1
18241,1
18242,1
18243,1
18244,1
18245,1
18246,1
18247,1
18248,1
18249,1
18250,1
18251,1
18252,1
18253,1
18254,1
18255,1
18256,1
18257,1
18258,1
18259,1
18260,1
18261,1
18262,1
18263,1
18264,1
18265,1
18266,1
18267,1
18268,1
18269,1
18270,1
18271,1
18272,1
18273,1
18274,1
18275,1
18276,1
18277,1
18278,1
18279,1
18280,1
18281,1
18282,1
18283,1
18284,1
18285,1
18286,1
18287,1
18288,1
18289,1
18290,1
18291,1
18292,1
18293,1
18294,1
18295,1
18296,1
18297,1
18298,1
18299,1
18300,1
18301,1
18302,1
18303,1
18304,1
18305,1
18306,1
18307,1
18308,1
18309,1
18310,1
18311,1
18312,1
18313,1
18314,1
18315,1
18316,1
18317,1
18318,1
18319,1
18320,1
18321,1
18322,1
18323,1
18324,1
18325,1
18326,1
18327,1
18328,1
18329,1
18330,1
18331,1
18332,1
18333,1
18334,1
18335,1
18336,1
18337,1
18338,1
18339,1
18340,1
18341,1
18342,1
18343,1
18344,1
18345,1
18346,1
18347,1
18348,1
18349,1
18350,1
18351,1
18352,1
18353,1
18354,1
18355,1
18356,1
18357,1
18358,1
18359,1
18360,1
18361,1
18362,1
18363,1
18364,1
18365,1
18366,1
18367,1
18368,1
18369,1
18370,1
18371,1
18372,1
18373,1
18374,1
18375,1
18376,1
18377,1
18378,1
18379,1
18380,1
18381,1
18382,1
18383,1
18384,1
18385,1
18386,1
18387,1
18388,1
18389,1
18390,1
18391,1
18392,1
18393,1
18394,1
18395,1
18396,1
18397,1
18398,1
18399,1
18400,1
18401,1
18402,1
18403,1
18404,1
18405,1
18406,1
18407,1
18408,1
18409,1
18410,1
18411,1
18412,1
18413,1
18414,1
18415,1
18416,1
18417,1
18418,1
18419,1
18420,1
18421,1
18422,1
18423,1
18424,1
18425,1
18426,1
18427,1
18428,1
18429,1
18430,1
18431,1
18432,1
18433,1
18434,1
18435,1
18436,1
18437,1
18438,1
18439,1
18440,1
18441,1
18442,1
18443,1
18444,1
18445,1
18446,1
18447,1
18448,1
18449,1
18450,1
18451,1
18452,1
18453,1
18454,1
18455,1
18456,1
18457,1
18458,1
18459,1
18460,1
18461,1
18462,1
18463,1
18464,1
18465,1
18466,1
18467,1
18468,1
18469,1
18470,1
18471,1
18472,1
18473,1
18474,1
18475,1
18476,1
18477,1
18478,1
18479,1
18480,1
18481,1
18482,1
18483,1
18484,1
18485,1
18486,1
18487,1
18488,1
18489,1
18490,1
18491,1
18492,1
18493,1
18494,1
18495,1
18496,1
18497,1
18498,1
18499,1
18500,1
18501,1
18502,1
18503,1
18504,1
18505,1
18506,1
18507,1
18508,1
18509,1
18510,1
18511,1
18512,1
18513,1
18514,1
18515,1
18516,1
18517,1
18518,1
18519,1
18520,1
18521,1
18522,1
18523,1
18524,1
18525,1
18526,1
18527,1
18528,1
18529,1
18530,1
18531,1
18532,1
18533,1
18534,1
18535,1
18536,1
18537,1
18538,1
18539,1
18540,1
18541,1
18542,1
18543,1
18544,1
18545,1
18546,1
18547,1
18548,1
18549,1
18550,1
18551,1
18552,1
18553,1
18554,1
18555,1
18556,1
18557,1
18558,1
18559,1
18560,1
18561,1
18562,1
18563,1
18564,1
18565,1
18566,1
18567,1
18568,1
18569,1
18570,1
18571,1
18572,1
18573,1
18574,1
18575,1
18576,1
18577,1
18578,1
18579,1
18580,1
18581,1
18582,1
18583,1
18584,1
18585,1
18586,1
18587,1
18588,1
18589,1
18590,1
18591,1
18592,1
18593,1
18594,1
18595,1
18596,1
18597,1
18598,1
18599,1
18600,1
18601,1
18602,1
18603,1
18604,1
18605,1
18606,1
18607,1
18608,1
18609,1
18610,1
18611,1
18612,1
18613,1
18614,1
18615,1
18616,1
18617,1
18618,1
18619,1
18620,1
18621,1
18622,1
18623,1
18624,1
18625,1
18626,1
18627,1
18628,1
18629,1
18630,1
18631,1
18632,1
18633,1
18634,1
18635,1
18636,1
18637,1
18638,1
18639,1
18640,1
18641,1
18642,1
18643,1
18644,1
18645,1
18646,1
18647,1
18648,1
18649,1
18650,1
18651,1
18652,1
18653,1
18654,1
18655,1
18656,1
18657,1
18658,1
18659,1
18660,1
18661,1
18662,1
18663,1
18664,1
18665,1
18666,1
18667,1
18668,1
18669,1
18670,1
18671,1
18672,1
18673,1
18674,1
18675,1
18676,1
18677,1
18678,1
18679,1
18680,1
18681,1
18682,1
18683,1
18684,1
18685,1
18686,1
18687,1
18688,1
18689,1
18690,1
18691,1
18692,1
18693,1
18694,1
18695,1
18696,1
18697,1
18698,1
18699,1
18700,1
18701,1
18702,1
18703,1
18704,1
18705,1
18706,1
18707,1
18708,1
18709,1
18710,1
18711,1
18712,1
18713,1
18714,1
18715,1
18716,1
18717,1
18718,1
18719,1
18720,1
18721,1
18722,1
18723,1
18724,1
18725,1
18726,1
18727,1
18728,1
18729,1
18730,1
18731,1
18732,1
18733,1
18734,1
18735,1
18736,1
18737,1
18738,1
18739,1
18740,1
18741,1
18742,1
18743,1
18744,1
18745,1
18746,1
18747,1
18748,1
18749,1
18750,1
18751,1
18752,1
18753,1
18754,1
18755,1
18756,1
18757,1
18758,1
18759,1
18760,1
18761,1
18762,1
18763,1
18764,1
18765,1
18766,1
18767,1
18768,1
18769,1
18770,1
18771,1
18772,1
18773,1
18774,1
18775,1
18776,1
18777,1
18778,1
18779,1
18780,1
18781,1
18782,1
18783,1
18784,1
18785,1
18786,1
18787,1
18788,1
18789,1
18790,1
18791,1
18792,1
18793,1
18794,1
18795,1
18796,1
18797,1
18798,1
18799,1
18800,1
18801,1
18802,1
18803,1
18804,1
18805,1
18806,1
18807,1
18808,1
18809,1
18810,1
18811,1
18812,1
18813,1
18814,1
18815,1
18816,1
18817,1
18818,1
18819,1
18820,1
18821,1
18822,1
18823,1
18824,1
18825,1
18826,1
18827,1
18828,1
18829,1
18830,1
18831,1
18832,1
18833,1
18834,1
18835,1
18836,1
18837,1
18838,1
18839,1
18840,1
18841,1
18842,1
18843,1
18844,1
18845,1
18846,1
18847,1
18848,1
18849,1
18850,1
18851,1
18852,1
18853,1
18854,1
18855,1
18856,1
18857,1
18858,1
18859,1
18860,1
18861,1
18862,1
18863,1
18864,1
18865,1
18866,1
18867,1
18868,1
18869,1
18870,1
18871,1
18872,1
18873,1
18874,1
18875,1
18876,1
18877,1
18878,1
18879,1
18880,1
18881,1
18882,1
18883,1
18884,1
18885,1
18886,1
18887,1
18888,1
18889,1
18890,1
18891,1
18892,1
18893,1
18894,1
18895,1
18896,1
18897,1
18898,1
18899,1
18900,1
18901,1
18902,1
18903,1
18904,1
18905,1
18906,1
18907,1
18908,1
18909,1
18910,1
18911,1
18912,1
18913,1
18914,1
18915,1
18916,1
18917,1
18918,1
18919,1
18920,1
18921,1
18922,1
18923,1
18924,1
18925,1
18926,1
18927,1
18928,1
18929,1
18930,1
18931,1
18932,1
18933,1
18934,1
18935,1
18936,1
18937,1
18938,1
18939,1
18940,1
18941,1
18942,1
18943,1
18944,1
18945,1
18946,1
18947,1
18948,1
18949,1
18950,1
18951,1
18952,1
18953,1
18954,1
18955,1
18956,1
18957,1
18958,1
18959,1
18960,1
18961,1
18962,1
18963,1
18964,1
18965,1
18966,1
18967,1
18968,1
18969,1
18970,1
18971,1
18972,1
18973,1
18974,1
18975,1
18976,1
18977,1
18978,1
18979,1
18980,1
18981,1
18982,1
18983,1
18984,1
18985,1
18986,1
18987,1
18988,1
18989,1
18990,1
18991,1
18992,1
18993,1
18994,1
18995,1
18996,1
18997,1
18998,1
18999,1
19000,1
19001,1
19002,1
19003,1
19004,1
19005,1
19006,1
19007,1
19008,1
19009,1
19010,1
19011,1
19012,1
19013,1
19014,1
19015,1
19016,1
19017,1
19018,1
19019,1
19020,1
19021,1
19022,1
19023,1
19024,1
19025,1
19026,1
19027,1
19028,1
19029,1
19030,1
19031,1
19032,1
19033,1
19034,1
19035,1
19036,1
19037,1
19038,1
19039,1
19040,1
19041,1
19042,1
19043,1
19044,1
19045,1
19046,1
19047,1
19048,1
19049,1
19050,1
19051,1
19052,1
19053,1
19054,1
19055,1
19056,1
19057,1
19058,1
19059,1
19060,1
19061,1
19062,1
19063,1
19064,1
19065,1
19066,1
19067,1
19068,1
19069,1
19070,1
19071,1
19072,1
19073,1
19074,1
19075,1
19076,1
19077,1
19078,1
19079,1
19080,1
19081,1
19082,1
19083,1
19084,1
19085,1
19086,1
19087,1
19088,1
19089,1
19090,1
19091,1
19092,1
19093,1
19094,1
19095,1
19096,1
19097,1
19098,1
19099,1
19100,1
19101,1
19102,1
19103,1
19104,1
19105,1
19106,1
19107,1
19108,1
19109,1
19110,1
19111,1
19112,1
19113,1
19114,1
19115,1
19116,1
19117,1
19118,1
19119,1
19120,1
19121,1
19122,1
19123,1
19124,1
19125,1
19126,1
19127,1
19128,1
19129,1
19130,1
19131,1
19132,1
19133,1
19134,1
19135,1
19136,1
19137,1
19138,1
19139,1
19140,1
19141,1
19142,1
19143,1
19144,1
19145,1
19146,1
19147,1
19148,1
19149,1
19150,1
19151,1
19152,1
19153,1
19154,1
19155,1
19156,1
19157,1
19158,1
19159,1
19160,1
19161,1
19162,1
19163,1
19164,1
19165,1
19166,1
19167,1
19168,1
19169,1
19170,1
19171,1
19172,1
19173,1
19174,1
19175,1
19176,1
19177,1
19178,1
19179,1
19180,1
19181,1
19182,1
19183,1
19184,1
19185,1
19186,1
19187,1
19188,1
19189,1
19190,1
19191,1
19192,1
19193,1
19194,1
19195,1
19196,1
19197,1
19198,1
19199,1
19200,1
19201,1
19202,1
19203,1
19204,1
19205,1
19206,1
19207,1
19208,1
19209,1
19210,1
19211,1
19212,1
19213,1
19214,1
19215,1
19216,1
19217,1
19218,1
19219,1
19220,1
19221,1
19222,1
19223,1
19224,1
19225,1
19226,1
19227,1
19228,1
19229,1
19230,1
19231,1
19232,1
19233,1
19234,1
19235,1
19236,1
19237,1
19238,1
19239,1
19240,1
19241,1
19242,1
19243,1
19244,1
19245,1
19246,1
19247,1
19248,1
19249,1
19250,1
19251,1
19252,1
19253,1
19254,1
19255,1
19256,1
19257,1
19258,1
19259,1
19260,1
19261,1
19262,1
19263,1
19264,1
19265,1
19266,1
19267,1
19268,1
19269,1
19270,1
19271,1
19272,1
19273,1
19274,1
19275,1
19276,1
19277,1
19278,1
19279,1
19280,1
19281,1
19282,1
19283,1
19284,1
19285,1
19286,1
19287,1
19288,1
19289,1
19290,1
19291,1
19292,1
19293,1
19294,1
19295,1
19296,1
19297,1
19298,1
19299,1
19300,1
19301,1
19302,1
19303,1
19304,1
19305,1
19306,1
19307,1
19308,1
19309,1
19310,1
19311,1
19312,1
19313,1
19314,1
19315,1
19316,1
19317,1
19318,1
19319,1
19320,1
19321,1
19322,1
19323,1
19324,1
19325,1
19326,1
19327,1
19328,1
19329,1
19330,1
19331,1
19332,1
19333,1
19334,1
19335,1
19336,1
19337,1
19338,1
19339,1
19340,1
19341,1
19342,1
19343,1
19344,1
19345,1
19346,1
19347,1
19348,1
19349,1
19350,1
19351,1
19352,1
19353,1
19354,1
19355,1
19356,1
19357,1
19358,1
19359,1
19360,1
19361,1
19362,1
19363,1
19364,1
19365,1
19366,1
19367,1
19368,1
19369,1
19370,1
19371,1
19372,1
19373,1
19374,1
19375,1
19376,1
19377,1
19378,1
19379,1
19380,1
19381,1
19382,1
19383,1
19384,1
19385,1
19386,1
19387,1
19388,1
19389,1
19390,1
19391,1
19392,1
19393,1
19394,1
19395,1
19396,1
19397,1
19398,1
19399,1
19400,1
19401,1
19402,1
19403,1
19404,1
19405,1
19406,1
19407,1
19408,1
19409,1
19410,1
19411,1
19412,1
19413,1
19414,1
19415,1
19416,1
19417,1
19418,1
19419,1
19420,1
19421,1
19422,1
19423,1
19424,1
19425,1
19426,1
19427,1
19428,1
19429,1
19430,1
19431,1
19432,1
19433,1
19434,1
19435,1
19436,1
19437,1
19438,1
19439,1
19440,1
19441,1
19442,1
19443,1
19444,1
19445,1
19446,1
19447,1
19448,1
19449,1
19450,1
19451,1
19452,1
19453,1
19454,1
19455,1
19456,1
19457,1
19458,1
19459,1
19460,1
19461,1
19462,1
19463,1
19464,1
19465,1
19466,1
19467,1
19468,1
19469,1
19470,1
19471,1
19472,1
19473,1
19474,1
19475,1
19476,1
19477,1
19478,1
19479,1
19480,1
19481,1
19482,1
19483,1
19484,1
19485,1
19486,1
19487,1
19488,1
19489,1
19490,1
19491,1
19492,1
19493,1
19494,1
19495,1
19496,1
19497,1
19498,1
19499,1
19500,1
19501,1
19502,1
19503,1
19504,1
19505,1
19506,1
19507,1
19508,1
19509,1
19510,1
19511,1
19512,1
19513,1
19514,1
19515,1
19516,1
19517,1
19518,1
19519,1
19520,1
19521,1
19522,1
19523,1
19524,1
19525,1
19526,1
19527,1
19528,1
19529,1
19530,1
19531,1
19532,1
19533,1
19534,1
19535,1
19536,1
19537,1
19538,1
19539,1
19540,1
19541,1
19542,1
19543,1
19544,1
19545,1
19546,1
19547,1
19548,1
19549,1
19550,1
19551,1
19552,1
19553,1
19554,1
19555,1
19556,1
19557,1
19558,1
19559,1
19560,1
19561,1
19562,1
19563,1
19564,1
19565,1
19566,1
19567,1
19568,1
19569,1
19570,1
19571,1
19572,1
19573,1
19574,1
19575,1
19576,1
19577,1
19578,1
19579,1
19580,1
19581,1
19582,1
19583,1
19584,1
19585,1
19586,1
19587,1
19588,1
19589,1
19590,1
19591,1
19592,1
19593,1
19594,1
19595,1
19596,1
19597,1
19598,1
19599,1
19600,1
19601,1
19602,1
19603,1
19604,1
19605,1
19606,1
19607,1
19608,1
19609,1
19610,1
19611,1
19612,1
19613,1
19614,1
19615,1
19616,1
19617,1
19618,1
19619,1
19620,1
19621,1
19622,1
19623,1
19624,1
19625,1
19626,1
19627,1
19628,1
19629,1
19630,1
19631,1
19632,1
19633,1
19634,1
19635,1
19636,1
19637,1
19638,1
19639,1
19640,1
19641,1
19642,1
19643,1
19644,1
19645,1
19646,1
19647,1
19648,1
19649,1
19650,1
19651,1
19652,1
19653,1
19654,1
19655,1
19656,1
19657,1
19658,1
19659,1
19660,1
19661,1
19662,1
19663,1
19664,1
19665,1
19666,1
19667,1
19668,1
19669,1
19670,1
19671,1
19672,1
19673,1
19674,1
19675,1
19676,1
19677,1
19678,1
19679,1
19680,1
19681,1
19682,1
19683,1
19684,1
19685,1
19686,1
19687,1
19688,1
19689,1
19690,1
19691,1
19692,1
19693,1
19694,1
19695,1
19696,1
19697,1
19698,1
19699,1
19700,1
19701,1
19702,1
19703,1
19704,1
19705,1
19706,1
19707,1
19708,1
19709,1
19710,1
19711,1
19712,1
19713,1
19714,1
19715,1
19716,1
19717,1
19718,1
19719,1
19720,1
19721,1
19722,1
19723,1
19724,1
19725,1
19726,1
19727,1
19728,1
19729,1
19730,1
19731,1
19732,1
19733,1
19734,1
19735,1
19736,1
19737,1
19738,1
19739,1
19740,1
19741,1
19742,1
19743,1
19744,1
19745,1
19746,1
19747,1
19748,1
19749,1
19750,1
19751,1
19752,1
19753,1
19754,1
19755,1
19756,1
19757,1
19758,1
19759,1
19760,1
19761,1
19762,1
19763,1
19764,1
19765,1
19766,1
19767,1
19768,1
19769,1
19770,1
19771,1
19772,1
19773,1
19774,1
19775,1
19776,1
19777,1
19778,1
19779,1
19780,1
19781,1
19782,1
19783,1
19784,1
19785,1
19786,1
19787,1
19788,1
19789,1
19790,1
19791,1
19792,1
19793,1
19794,1
19795,1
19796,1
19797,1
19798,1
19799,1
19800,1
19801,1
19802,1
19803,1
19804,1
19805,1
19806,1
19807,1
19808,1
19809,1
19810,1
19811,1
19812,1
19813,1
19814,1
19815,1
19816,1
19817,1
19818,1
19819,1
19820,1
19821,1
19822,1
19823,1
19824,1
19825,1
19826,1
19827,1
19828,1
19829,1
19830,1
19831,1
19832,1
19833,1
19834,1
19835,1
19836,1
19837,1
19838,1
19839,1
19840,1
19841,1
19842,1
19843,1
19844,1
19845,1
19846,1
19847,1
19848,1
19849,1
19850,1
19851,1
19852,1
19853,1
19854,1
19855,1
19856,1
19857,1
19858,1
19859,1
19860,1
19861,1
19862,1
19863,1
19864,1
19865,1
19866,1
19867,1
19868,1
19869,1
19870,1
19871,1
19872,1
19873,1
19874,1
19875,1
19876,1
19877,1
19878,1
19879,1
19880,1
19881,1
19882,1
19883,1
19884,1
19885,1
19886,1
19887,1
19888,1
19889,1
19890,1
19891,1
19892,1
19893,1
19894,1
19895,1
19896,1
19897,1
19898,1
19899,1
19900,1
19901,1
19902,1
19903,1
19904,1
19905,1
19906,1
19907,1
19908,1
19909,1
19910,1
19911,1
19912,1
19913,1
19914,1
19915,1
19916,1
19917,1
19918,1
19919,1
19920,1
19921,1
19922,1
19923,1
19924,1
19925,1
19926,1
19927,1
19928,1
19929,1
19930,1
19931,1
19932,1
19933,1
19934,1
19935,1
19936,1
19937,1
19938,1
19939,1
19940,1
19941,1
19942,1
19943,1
19944,1
19945,1
19946,1
19947,1
19948,1
19949,1
19950,1
19951,1
19952,1
19953,1
19954,1
19955,1
19956,1
19957,1
19958,1
19959,1
19960,1
19961,1
19962,1
19963,1
19964,1
19965,1
19966,1
19967,1
19968,1
19969,1
19970,1
19971,1
